date,high,low,open,close,Volume
1448742600000,3400.0,3400.0,3400.0,3400.0,340000000000
1448829000000,3570.0,3570.0,3570.0,3570.0,22443183420
1448915400000,3675.0,3530.0,3675.0,3535.0,173064123922
1449261000000,3606.0,3541.0,3592.0,3541.0,38209131739
1449347400000,3577.0,3465.0,3552.0,3485.0,19722222508
1449433800000,3548.0,3460.0,3475.0,3480.0,13001329139
1449520200000,3533.0,3439.0,3461.0,3500.0,8552746569
1449606600000,3598.0,3456.0,3456.0,3590.0,14303861984
1449952200000,3620.0,3542.0,3559.0,3570.0,8188276247
1450038600000,3655.0,3528.0,3579.0,3640.0,25006428130
1450125000000,3680.0,3626.0,3626.0,3663.0,14400814960
1450211400000,3725.0,3621.0,3698.0,3650.0,10520877800
1450470600000,3625.0,3530.0,3625.0,3541.0,5914928858
1450557000000,3560.0,3500.0,3500.0,3529.0,3562597456
1450643400000,3619.0,3538.0,3549.0,3573.0,3904769689
1450729800000,3584.0,3500.0,3560.0,3518.0,3372097946
1450816200000,3535.0,3495.0,3520.0,3497.0,4111846234
1451075400000,3550.0,3481.0,3500.0,3503.0,3066589879
1451161800000,3610.0,3484.0,3500.0,3600.0,6708424252
1451248200000,3632.0,3515.0,3515.0,3560.0,4545440887
1451421000000,3753.0,3550.0,3550.0,3656.0,12152592870
1451680200000,3677.0,3601.0,3676.0,3636.0,3881749885
1451766600000,3640.0,3577.0,3610.0,3640.0,7790748344
1451853000000,3710.0,3619.0,3619.0,3665.0,8764130334
1451939400000,3855.0,3633.0,3633.0,3855.0,38156472279
1452025800000,4029.0,3900.0,3901.0,4029.0,107012660224
1452285000000,4228.0,4121.0,4228.0,4140.0,146152215633
1452371400000,4434.0,4133.0,4180.0,4350.0,59549336291
1452457800000,4520.0,4370.0,4390.0,4390.0,24504613116
1452544200000,4450.0,4285.0,4406.0,4350.0,25034499075
1452630600000,4419.0,4309.0,4375.0,4350.0,22699010540
1452889800000,4574.0,4411.0,4488.0,4574.0,33505882683
1452976200000,4700.0,4334.0,4650.0,4422.0,31957445726
1453062600000,4500.0,4317.0,4457.0,4467.0,7953279326
1453149000000,4641.0,4501.0,4501.0,4641.0,28544477573
1453235400000,4845.0,4520.0,4600.0,4750.0,17375940325
1453494600000,4849.0,4569.0,4718.0,4710.0,27942775236
1453581000000,4729.0,4604.0,4729.0,4664.0,10740938578
1453667400000,4720.0,4555.0,4640.0,4600.0,18059837842
1453753800000,4904.0,4620.0,4620.0,4900.0,59120451321
1453840200000,4900.0,4599.0,4900.0,4630.0,15423271799
1454099400000,4650.0,4477.0,4570.0,4479.0,12163400494
1454185800000,4536.0,4371.0,4535.0,4479.0,3121529686
1454272200000,4663.0,4578.0,4578.0,4663.0,16432326392
1454358600000,4878.0,4590.0,4800.0,4603.0,8819291047
1454445000000,4730.0,4474.0,4474.0,4571.0,9571012487
1454704200000,4749.0,4622.0,4749.0,4632.0,4801460491
1454790600000,4911.0,4725.0,4740.0,4890.0,28875898622
1454877000000,5140.0,4947.0,4947.0,5140.0,33983434246
1454963400000,5367.0,4906.0,5300.0,4950.0,17386881944
1455049800000,5264.0,4946.0,4946.0,5000.0,19858767523
1455309000000,5020.0,4810.0,4906.0,4810.0,16995522839
1455395400000,4900.0,4660.0,4660.0,4740.0,5504136528
1455481800000,4957.0,4770.0,4770.0,4790.0,5095228120
1455568200000,4800.0,4656.0,4783.0,4735.0,8012182024
1455654600000,4899.0,4622.0,4622.0,4889.0,10161332765
1455913800000,4842.0,4554.0,4842.0,4571.0,16291676820
1456000200000,4600.0,4405.0,4580.0,4500.0,9846217841
1456086600000,4708.0,4502.0,4510.0,4680.0,2278543062
1456173000000,4799.0,4452.0,4799.0,4452.0,7934204739
1456259400000,4630.0,4400.0,4480.0,4630.0,8482890026
1456518600000,4686.0,4501.0,4649.0,4550.0,1100126440
1456605000000,4590.0,4466.0,4550.0,4500.0,4472418718
1456691400000,4600.0,4500.0,4590.0,4500.0,2496637047
1456777800000,4670.0,4518.0,4598.0,4550.0,2876564037
1456864200000,4550.0,4500.0,4550.0,4515.0,6176857755
1457123400000,4738.0,4500.0,4500.0,4738.0,11894493494
1457209800000,4880.0,4723.0,4724.0,4808.0,5939005391
1457296200000,4800.0,4568.0,4800.0,4600.0,10782416568
1457382600000,4600.0,4500.0,4514.0,4507.0,6445475128
1457469000000,4620.0,4500.0,4570.0,4550.0,7403386669
1457728200000,4769.0,4514.0,4514.0,4521.0,7517352846
1457901000000,4777.0,4570.0,4570.0,4668.0,12616599974
1457987400000,4680.0,4516.0,4680.0,4621.0,21215959950
1458073800000,4630.0,4390.0,4570.0,4425.0,11623168371
1458937800000,4480.0,4367.0,4367.0,4410.0,2452393296
1459024200000,4400.0,4315.0,4390.0,4340.0,2002976327
1459107000000,4432.0,4123.0,4400.0,4300.0,1514469235
1459193400000,4414.0,4350.0,4390.0,4414.0,1482380718
1459279800000,4590.0,4200.0,4450.0,4448.0,1934356640
1459539000000,4448.0,4290.0,4410.0,4350.0,1523659915
1459625400000,4450.0,4287.0,4445.0,4390.0,2257943811
1459711800000,4410.0,4276.0,4410.0,4310.0,3959060804
1459798200000,4410.0,4256.0,4256.0,4380.0,1270367376
1459884600000,4400.0,4283.0,4400.0,4311.0,1198383778
1460143800000,4399.0,4295.0,4377.0,4304.0,2226787933
1460230200000,4368.0,4291.0,4300.0,4316.0,2705381098
1460316600000,4350.0,4301.0,4349.0,4320.0,648035256
1460403000000,4322.0,4210.0,4322.0,4211.0,3726661162
1460489400000,4280.0,4141.0,4280.0,4169.0,2289354305
1460748600000,4122.0,3947.0,4122.0,3947.0,2163184147
1460835000000,4054.0,3901.0,3902.0,4020.0,1557322266
1460921400000,4189.0,4020.0,4020.0,4121.0,2770777181
1461007800000,4101.0,3920.0,4100.0,3920.0,2067408073
1461094200000,4090.0,4001.0,4001.0,4056.0,949409872
1461353400000,4170.0,4000.0,4000.0,4070.0,567825226
1461439800000,4269.0,4159.0,4159.0,4269.0,1557765057
1461526200000,4270.0,4200.0,4269.0,4203.0,1587712822
1461612600000,4161.0,4150.0,4151.0,4160.0,396470851
1461699000000,4361.0,4159.0,4207.0,4361.0,1140225968
1461958200000,4409.0,4300.0,4322.0,4341.0,3494075194
1462044600000,4359.0,4270.0,4350.0,4288.0,947449845
1462131000000,4349.0,4204.0,4210.0,4349.0,1194602453
1462217400000,4350.0,4152.0,4350.0,4173.0,1709799429
1462303800000,4199.0,4160.0,4171.0,4181.0,777173484
1462563000000,4260.0,4130.0,4150.0,4145.0,814606489
1462649400000,4200.0,4141.0,4175.0,4163.0,590505150
1462735800000,4180.0,4119.0,4150.0,4140.0,1214878500
1462822200000,4144.0,4080.0,4106.0,4107.0,1320026894
1462908600000,4136.0,4011.0,4072.0,4136.0,3240465678
1463167800000,4238.0,4238.0,4238.0,4238.0,51546794
1463513400000,4350.0,4270.0,4300.0,4300.0,4253131495
1464118200000,3998.0,3900.0,3963.0,3921.0,5806565505
1464377400000,4090.0,3900.0,3921.0,4050.0,3941770418
1464463800000,4086.0,4002.0,4030.0,4022.0,1084991392
1464550200000,4115.0,4035.0,4035.0,4100.0,1748292281
1464636600000,4189.0,4050.0,4079.0,4165.0,1269294354
1464723000000,4231.0,4002.0,4100.0,4200.0,1724854914
1465068600000,4285.0,4198.0,4198.0,4227.0,2640882931
1465155000000,4200.0,4164.0,4173.0,4198.0,328025856
1465241400000,4200.0,4181.0,4191.0,4188.0,665156459
1465327800000,4187.0,4059.0,4123.0,4070.0,764518862
1465587000000,4100.0,4005.0,4005.0,4080.0,656094236
1465673400000,4080.0,4003.0,4005.0,4030.0,469599059
1465759800000,4150.0,4022.0,4080.0,4025.0,1502169261
1465846200000,4050.0,4004.0,4010.0,4050.0,532131064
1465932600000,4145.0,4011.0,4011.0,4144.0,541325395
1466191800000,4145.0,4060.0,4144.0,4080.0,679139220
1466278200000,4100.0,4022.0,4022.0,4033.0,587886461
1466364600000,4100.0,4031.0,4031.0,4090.0,279756135
1466451000000,4258.0,4070.0,4070.0,4240.0,1070801773
1466537400000,4340.0,4251.0,4263.0,4299.0,559676752
1466796600000,4299.0,4100.0,4299.0,4102.0,275317388
1466883000000,4328.0,4105.0,4105.0,4328.0,2948137816
1467055800000,4480.0,4311.0,4379.0,4379.0,1540027952
1467142200000,4360.0,4163.0,4163.0,4240.0,591338339
1467401400000,4295.0,4181.0,4289.0,4295.0,133257226
1467487800000,4330.0,4241.0,4290.0,4251.0,583720810
1467574200000,4287.0,4161.0,4287.0,4200.0,1333966678
1467660600000,4268.0,4170.0,4170.0,4268.0,363201717
1468006200000,4192.0,4184.0,4186.0,4190.0,447255800
1468092600000,4230.0,4184.0,4184.0,4200.0,124656323
1468179000000,4269.0,4190.0,4190.0,4269.0,306887653
1468265400000,4300.0,4186.0,4186.0,4250.0,1161939211
1468351800000,4300.0,4226.0,4293.0,4300.0,150643776
1468611000000,4343.0,4202.0,4202.0,4340.0,770353892
1468697400000,4399.0,4300.0,4300.0,4350.0,1336095165
1468783800000,4440.0,4300.0,4301.0,4400.0,1055222770
1468870200000,4410.0,4268.0,4285.0,4371.0,641031933
1468956600000,4465.0,4345.0,4345.0,4465.0,844949548
1469215800000,4669.0,4466.0,4466.0,4669.0,749365765
1469302200000,4839.0,4663.0,4789.0,4800.0,16020516919
1469388600000,4767.0,4660.0,4660.0,4689.0,939416776
1469475000000,4799.0,4595.0,4700.0,4799.0,724874104
1469561400000,4825.0,4600.0,4600.0,4822.0,242193700
1469907000000,4898.0,4716.0,4849.0,4730.0,1698186021
1469993400000,4800.0,4625.0,4625.0,4632.0,1102360126
1470079800000,4799.0,4650.0,4650.0,4799.0,454115658
1470166200000,4796.0,4602.0,4796.0,4620.0,197788680
1470425400000,4675.0,4611.0,4621.0,4621.0,1090985600
1470511800000,4640.0,4630.0,4630.0,4630.0,125015000
1470598200000,4615.0,4585.0,4585.0,4593.0,552035895
1470684600000,4690.0,4550.0,4690.0,4600.0,305989564
1470771000000,4740.0,4560.0,4570.0,4700.0,508595146
1471030200000,4793.0,4710.0,4756.0,4710.0,2162048159
1471116600000,4701.0,4675.0,4700.0,4675.0,190230901
1471203000000,4680.0,4675.0,4680.0,4675.0,123954750
1471289400000,4700.0,4671.0,4675.0,4680.0,295654750
1471375800000,4677.0,4614.0,4657.0,4635.0,112883958
1471635000000,4700.0,4616.0,4616.0,4700.0,109469240
1471721400000,4740.0,4700.0,4729.0,4740.0,279528110
1471807800000,4750.0,4700.0,4750.0,4700.0,737090979
1471894200000,4749.0,4620.0,4749.0,4700.0,829976160
1471980600000,4709.0,4620.0,4630.0,4707.0,338479139
1472239800000,4699.0,4699.0,4699.0,4699.0,46990000
1472326200000,4665.0,4575.0,4611.0,4575.0,385838810
1472412600000,4600.0,4526.0,4600.0,4526.0,789175413
1472499000000,4583.0,4528.0,4528.0,4583.0,43491021
1472585400000,4575.0,4450.0,4550.0,4575.0,9419916258
1472931000000,4600.0,4598.0,4599.0,4600.0,6238038784
1473017400000,4428.0,4420.0,4428.0,4420.0,221106740
1473103800000,4628.0,4410.0,4422.0,4410.0,36501724
1473190200000,4600.0,4300.0,4400.0,4400.0,371444097
1473449400000,4535.0,4221.0,4221.0,4300.0,536981630
1473535800000,4400.0,4250.0,4250.0,4340.0,25840906410
1473708600000,4400.0,4277.0,4300.0,4378.0,8812095038
1473795000000,4350.0,4301.0,4350.0,4301.0,2356756365
1474054200000,4276.0,4273.0,4273.0,4275.0,6839034
1474140600000,4330.0,4303.0,4330.0,4303.0,65715250
1474227000000,4500.0,4303.0,4303.0,4500.0,197500950
1474403400000,4444.0,4305.0,4305.0,4444.0,131965000
1474662600000,4450.0,4350.0,4450.0,4400.0,268010851
1474749000000,4323.0,4300.0,4323.0,4300.0,65558700
1474835400000,4360.0,4309.0,4360.0,4320.0,99708800
1474921800000,4380.0,4309.0,4350.0,4309.0,3899188164
1475008200000,4522.0,4310.0,4310.0,4450.0,730108554
1475267400000,4524.0,4450.0,4523.0,4450.0,129897705
1475353800000,4499.0,4259.0,4499.0,4259.0,368811469
1475440200000,4502.0,4348.0,4348.0,4432.0,1373869508
1475526600000,4545.0,4486.0,4545.0,4486.0,68335350
1475872200000,4470.0,4280.0,4470.0,4280.0,272031535
1475958600000,4440.0,4280.0,4280.0,4434.0,80176170
1476045000000,4432.0,4300.0,4432.0,4330.0,65690631
1476477000000,4330.0,4204.0,4330.0,4223.0,81132040
1476563400000,4250.0,4172.0,4221.0,4172.0,2816910161
1476649800000,4252.0,4206.0,4211.0,4220.0,549552431
1476736200000,4257.0,4181.0,4190.0,4181.0,46387200
1476822600000,4160.0,4003.0,4160.0,4100.0,2423628940
1477081800000,4150.0,4110.0,4150.0,4139.0,983062626
1477168200000,4141.0,4100.0,4141.0,4100.0,917495074
1477254600000,4146.0,4051.0,4051.0,4146.0,261227971
1477341000000,4125.0,4011.0,4031.0,4099.0,952300736
1477427400000,4144.0,4080.0,4140.0,4080.0,640233456
1477686600000,4152.0,4096.0,4150.0,4100.0,1830165039
1477773000000,4140.0,4072.0,4140.0,4100.0,863876011
1477859400000,4198.0,4082.0,4130.0,4099.0,3125925377
1477945800000,4088.0,4053.0,4075.0,4088.0,266676274
1478032200000,4060.0,4050.0,4055.0,4051.0,223795500
1478291400000,4050.0,4000.0,4020.0,4000.0,772051220
1478377800000,4050.0,3922.0,3922.0,4040.0,262302926
1478464200000,4128.0,4000.0,4050.0,4098.0,2712888992
1478550600000,4100.0,4035.0,4083.0,4090.0,6201826183
1478637000000,3969.0,3862.0,3969.0,3900.0,3088371296
1478896200000,4029.0,3910.0,3920.0,4000.0,2198247792
1478982600000,4050.0,3905.0,3905.0,4001.0,362599746
1479069000000,4035.0,4000.0,4020.0,4006.0,549661040
1479155400000,4007.0,3907.0,4007.0,3999.0,1563796792
1479241800000,4037.0,3924.0,4037.0,3931.0,362119740
1479501000000,4000.0,3927.0,4000.0,3993.0,175257319
1479673800000,3990.0,3921.0,3922.0,3990.0,116305475
1479760200000,3921.0,3872.0,3921.0,3873.0,900348283
1479846600000,3910.0,3860.0,3860.0,3890.0,6598845677
1480105800000,3989.0,3968.0,3989.0,3979.0,170734880
1480192200000,3910.0,3860.0,3860.0,3875.0,178737216
1480365000000,3950.0,3842.0,3860.0,3842.0,548008579
1480710600000,3855.0,3770.0,3841.0,3805.0,703742017
1480797000000,3900.0,3801.0,3900.0,3805.0,246565114
1480883400000,3919.0,3795.0,3801.0,3795.0,392038400
1480969800000,3800.0,3620.0,3795.0,3700.0,5854285286
1481056200000,3750.0,3699.0,3699.0,3740.0,1641669638
1481315400000,3792.0,3623.0,3792.0,3623.0,2602517489
1481401800000,3621.0,3550.0,3621.0,3570.0,5893458295
1481488200000,3620.0,3533.0,3533.0,3551.0,11664154702
1481574600000,3700.0,3575.0,3660.0,3600.0,154281097
1481661000000,3750.0,3685.0,3700.0,3730.0,968756409
1482006600000,3768.0,3680.0,3705.0,3768.0,22908481
1482093000000,3710.0,3650.0,3700.0,3650.0,866296380
1482179400000,3679.0,3600.0,3679.0,3660.0,680164106
1482265800000,3693.0,3615.0,3650.0,3660.0,14823550
1482525000000,3758.0,3690.0,3694.0,3690.0,145476415
1482611400000,3643.0,3631.0,3643.0,3631.0,44709900
1482697800000,3750.0,3620.0,3621.0,3630.0,433921795
1482784200000,3700.0,3581.0,3630.0,3610.0,929444300
1482870600000,3639.0,3600.0,3610.0,3639.0,473081531
1483129800000,3639.0,3590.0,3639.0,3590.0,328635610
1483216200000,3672.0,3560.0,3590.0,3600.0,367633505
1483302600000,3684.0,3570.0,3570.0,3600.0,334515737
1483389000000,3605.0,3570.0,3581.0,3600.0,88187036
1483475400000,3600.0,3550.0,3600.0,3600.0,945993990
1483734600000,3619.0,3522.0,3522.0,3605.0,591156546
1483821000000,3639.0,3552.0,3639.0,3560.0,131075250
1483907400000,3630.0,3570.0,3627.0,3570.0,10828230
1484080200000,3575.0,3500.0,3570.0,3522.0,980709383
1484339400000,3721.0,3550.0,3637.0,3650.0,1357768777
1484425800000,3720.0,3600.0,3719.0,3650.0,191785400
1484512200000,3700.0,3600.0,3602.0,3700.0,334382960
1484598600000,3700.0,3615.0,3699.0,3624.0,201902240
1484685000000,3670.0,3602.0,3650.0,3630.0,182898799
1484944200000,3698.0,3601.0,3698.0,3630.0,245733352
1485030600000,3600.0,3550.0,3600.0,3573.0,37199497
1485117000000,3650.0,3574.0,3574.0,3650.0,159748450
1485203400000,3680.0,3603.0,3680.0,3620.0,10402300
1485289800000,3625.0,3620.0,3620.0,3620.0,44195375
1485549000000,3680.0,3607.0,3679.0,3630.0,300031434
1485635400000,3640.0,3630.0,3630.0,3638.0,101146028
1485721800000,3720.0,3608.0,3639.0,3700.0,540217248
1485808200000,3747.0,3680.0,3685.0,3701.0,320712377
1485894600000,3700.0,3609.0,3690.0,3700.0,352791648
1486153800000,3680.0,3583.0,3611.0,3652.0,315510972
1486240200000,3640.0,3551.0,3640.0,3552.0,318680810
1486326600000,3650.0,3531.0,3535.0,3566.0,167412824
1486413000000,3570.0,3501.0,3568.0,3530.0,998546235
1486499400000,3620.0,3501.0,3533.0,3620.0,128700592
1486758600000,3624.0,3503.0,3503.0,3624.0,47819927
1486845000000,3619.0,3500.0,3506.0,3500.0,205278612
1486931400000,3624.0,3480.0,3490.0,3550.0,568085386
1487017800000,3614.0,3495.0,3559.0,3500.0,520358006
1487104200000,3520.0,3500.0,3500.0,3502.0,57086453
1487363400000,3552.0,3509.0,3509.0,3518.0,13337506
1487449800000,3606.0,3451.0,3567.0,3451.0,988307705
1487536200000,3605.0,3501.0,3501.0,3538.0,260468329
1487622600000,3607.0,3510.0,3600.0,3599.0,583636104
1487709000000,3695.0,3630.0,3630.0,3636.0,1587545283
1487968200000,3728.0,3680.0,3680.0,3696.0,735790068
1488054600000,3678.0,3560.0,3671.0,3570.0,1325019215
1488141000000,3689.0,3650.0,3650.0,3687.0,104458604
1488227400000,3745.0,3700.0,3700.0,3703.0,2059078822
1488313800000,3730.0,3652.0,3730.0,3730.0,36084252
1488573000000,3700.0,3656.0,3656.0,3668.0,75232636
1488659400000,3690.0,3580.0,3651.0,3600.0,171445693
1488745800000,3610.0,3601.0,3601.0,3610.0,56452800
1488832200000,3650.0,3602.0,3602.0,3640.0,26922271
1488918600000,3610.0,3587.0,3610.0,3601.0,283562200
1489177800000,3620.0,3570.0,3581.0,3620.0,508896174
1489264200000,3648.0,3625.0,3629.0,3648.0,738015420
1489350600000,3675.0,3601.0,3656.0,3601.0,20404600
1489523400000,3620.0,3610.0,3610.0,3611.0,223161971
1489782600000,3758.0,3630.0,3669.0,3758.0,467705774
1490387400000,3897.0,3702.0,3790.0,3800.0,443935428
1490473800000,3800.0,3749.0,3800.0,3789.0,411616541
1490556600000,3750.0,3711.0,3711.0,3729.0,309692555
1490643000000,3820.0,3711.0,3711.0,3800.0,1181346854
1490729400000,3785.0,3710.0,3721.0,3735.0,424833028
1491161400000,3859.0,3720.0,3721.0,3800.0,3600728164
1491247800000,3890.0,3777.0,3781.0,3800.0,918431400
1491334200000,3986.0,3730.0,3752.0,3986.0,6997909500
1491593400000,4153.0,4020.0,4020.0,4153.0,5134673038
1491679800000,4340.0,4120.0,4230.0,4337.0,4319681895
1491766200000,4487.0,4181.0,4289.0,4330.0,2656187069
1491939000000,4349.0,4120.0,4120.0,4310.0,1260241455
1492198200000,4475.0,4201.0,4295.0,4450.0,4347024264
1492284600000,4570.0,4297.0,4450.0,4387.0,2621352497
1492371000000,4450.0,4252.0,4280.0,4252.0,2191750817
1492457400000,4447.0,4130.0,4130.0,4384.0,614720754
1492543800000,4449.0,4170.0,4170.0,4330.0,364247477
1492803000000,4443.0,4172.0,4172.0,4379.0,1425238807
1492889400000,4350.0,4202.0,4202.0,4274.0,3876106779
1492975800000,4359.0,4150.0,4177.0,4150.0,274753708
1493148600000,4376.0,4122.0,4122.0,4370.0,64769316
1493407800000,4270.0,4149.0,4270.0,4149.0,3363450160
1493494200000,4266.0,4080.0,4080.0,4220.0,1218568308
1493580600000,4218.0,4080.0,4218.0,4200.0,84872537
1493667000000,4218.0,4151.0,4218.0,4157.0,354011830
1493753400000,4217.0,3991.0,4217.0,4115.0,2244783595
1494012600000,4197.0,4025.0,4197.0,4025.0,124534575
1494099000000,4177.0,3891.0,3986.0,3891.0,6743621537
1494185400000,4040.0,3807.0,3807.0,4000.0,3257767283
1494271800000,4018.0,3842.0,3842.0,4018.0,337650144
1494358200000,4079.0,3921.0,4042.0,4068.0,688090515
1494617400000,4120.0,3844.0,4120.0,4100.0,73743428
1494703800000,4110.0,3885.0,3885.0,4104.0,65249840
1494790200000,4142.0,4100.0,4119.0,4100.0,105499880
1494876600000,4149.0,4080.0,4080.0,4080.0,135840897
1494963000000,4150.0,3916.0,4150.0,4050.0,52733890
1495222200000,4251.0,4170.0,4170.0,4250.0,1929845426
1495308600000,4250.0,4031.0,4250.0,4179.0,65336400
1495395000000,4169.0,4003.0,4003.0,4169.0,1290730
1495481400000,4050.0,4050.0,4050.0,4050.0,20250000
1495567800000,4187.0,4018.0,4018.0,4020.0,290944390
1495827000000,4017.0,4012.0,4012.0,4017.0,361575408
1495913400000,4038.0,4021.0,4021.0,4038.0,80708044
1495999800000,4033.0,4026.0,4026.0,4033.0,173785026
1496086200000,4060.0,4032.0,4032.0,4051.0,628681437
1496172600000,4170.0,4080.0,4080.0,4101.0,240842681
1496691000000,4218.0,4061.0,4061.0,4180.0,257168409
1496777400000,4150.0,4070.0,4150.0,4070.0,73138240
1497036600000,4200.0,4060.0,4190.0,4060.0,459099643
1497123000000,4179.0,4081.0,4120.0,4082.0,60330380
1497209400000,4150.0,4080.0,4100.0,4100.0,844363788
1497295800000,4200.0,4052.0,4052.0,4200.0,938730616
1497382200000,4210.0,4089.0,4200.0,4210.0,1131867494
1497641400000,4236.0,4140.0,4200.0,4140.0,4294179155
1499023800000,3800.0,3602.0,3800.0,3602.0,37920000
1499110200000,3650.0,3600.0,3600.0,3620.0,960718303
1499196600000,3645.0,3608.0,3608.0,3625.0,617594065
1499455800000,3670.0,3610.0,3670.0,3615.0,224661350
1499542200000,3645.0,3612.0,3625.0,3645.0,127338649
1499628600000,3626.0,3605.0,3606.0,3626.0,1190492822
1499715000000,3666.0,3621.0,3621.0,3624.0,44345136
1499801400000,3624.0,3610.0,3623.0,3624.0,539452747
1500060600000,3666.0,3600.0,3600.0,3666.0,16386972
1500147000000,3654.0,3500.0,3500.0,3654.0,55388636
1500233400000,3599.0,3500.0,3500.0,3502.0,104111280
1500319800000,3600.0,3501.0,3501.0,3600.0,2034933827
1500406200000,3615.0,3500.0,3551.0,3600.0,455172556
1500665400000,3537.0,3510.0,3510.0,3520.0,39967324
1500751800000,3580.0,3520.0,3520.0,3580.0,7583154572
1500838200000,3650.0,3599.0,3599.0,3650.0,880294268
1500924600000,3648.0,3541.0,3590.0,3550.0,327142013
1501011000000,3580.0,3543.0,3550.0,3580.0,4385098681
1501270200000,3542.0,3518.0,3542.0,3534.0,11999514
1501356600000,3600.0,3535.0,3535.0,3540.0,30260000
1501529400000,3560.0,3518.0,3560.0,3550.0,232941854
1501961400000,3600.0,3520.0,3550.0,3600.0,42421560
1502047800000,3550.0,3523.0,3524.0,3550.0,88210500
1502134200000,3598.0,3514.0,3530.0,3598.0,240233413
1502220600000,3550.0,3515.0,3530.0,3515.0,68268015
1502479800000,3580.0,3515.0,3515.0,3580.0,360456009
1502566200000,3520.0,3516.0,3517.0,3520.0,142864560
1502652600000,3525.0,3510.0,3512.0,3525.0,32765000
1502739000000,3503.0,3460.0,3503.0,3460.0,384257900
1502825400000,3466.0,3421.0,3466.0,3430.0,395706522
1503084600000,3450.0,3400.0,3413.0,3450.0,1760955450
1503171000000,3450.0,3410.0,3410.0,3411.0,109375856
1503257400000,3421.0,3410.0,3421.0,3410.0,461126172
1503343800000,3450.0,3400.0,3410.0,3410.0,874948800
1503430200000,3498.0,3402.0,3410.0,3498.0,629028148
1503689400000,3618.0,3533.0,3600.0,3618.0,1108082878
1503775800000,3788.0,3621.0,3629.0,3788.0,2548747654
1503862200000,3950.0,3800.0,3950.0,3800.0,140968765
1503948600000,3880.0,3650.0,3870.0,3650.0,300852180
1504035000000,3700.0,3631.0,3700.0,3631.0,388502690
1504294200000,3699.0,3631.0,3631.0,3699.0,102960000
1504380600000,3798.0,3660.0,3699.0,3660.0,130620600
1504553400000,3700.0,3640.0,3640.0,3650.0,289420330
1504639800000,3770.0,3475.0,3770.0,3475.0,2169898517
1505071800000,3734.0,3500.0,3734.0,3500.0,76381166
1505158200000,3639.0,3500.0,3501.0,3638.0,4226525010
1505244600000,3509.0,3500.0,3500.0,3509.0,5257191
1505503800000,3660.0,3482.0,3482.0,3500.0,181446400
1505590200000,3550.0,3521.0,3531.0,3521.0,802472556
1505676600000,3669.0,3510.0,3669.0,3511.0,265408752
1505763000000,3577.0,3445.0,3445.0,3502.0,365135114
1505853000000,3673.0,3481.0,3550.0,3590.0,1650448112
1506112200000,3600.0,3600.0,3600.0,3600.0,34743600
1506371400000,3780.0,3526.0,3526.0,3780.0,2495349305
1506457800000,3801.0,3601.0,3601.0,3801.0,901804260
1506889800000,3800.0,3780.0,3780.0,3800.0,1409340000
1506976200000,3621.0,3610.0,3621.0,3615.0,100869835
1507321800000,3700.0,3500.0,3700.0,3600.0,303521910
1507408200000,3640.0,3500.0,3550.0,3525.0,373900725
1507494600000,3599.0,3500.0,3599.0,3500.0,809135790
1507581000000,3501.0,3461.0,3461.0,3489.0,15380550
1507667400000,3500.0,3474.0,3500.0,3495.0,266041420
1508013000000,3502.0,3485.0,3485.0,3501.0,5290839
1508099400000,3530.0,3523.0,3530.0,3523.0,3878100
1508185800000,3530.0,3529.0,3529.0,3530.0,9494510
1508272200000,3600.0,3474.0,3475.0,3493.0,742611422
1508704200000,3650.0,3502.0,3630.0,3502.0,16619970
1508790600000,3610.0,3501.0,3580.0,3577.0,957817104
1508877000000,3550.0,3506.0,3526.0,3550.0,99804600
1509136200000,3715.0,3629.0,3630.0,3715.0,780948943
1509222600000,3790.0,3756.0,3756.0,3790.0,684193947
1509309000000,3900.0,3677.0,3799.0,3712.0,287012085
1509395400000,4040.0,3800.0,3800.0,4040.0,7713807431
1509481800000,4190.0,3910.0,3910.0,4190.0,971669636
1509741000000,4250.0,4139.0,4139.0,4245.0,1162475552
1509827400000,4259.0,4200.0,4240.0,4209.0,281849600
1510000200000,4250.0,4040.0,4237.0,4100.0,6575677739
1510086600000,4185.0,4065.0,4116.0,4065.0,2373220918
1510432200000,4080.0,4080.0,4080.0,4080.0,12582720
1510605000000,4081.0,4031.0,4031.0,4081.0,148328389
1510691400000,4081.0,4005.0,4010.0,4005.0,3657905551
1511123400000,4001.0,4000.0,4000.0,4001.0,19742435
1511209800000,4100.0,4001.0,4001.0,4100.0,107901840
1511296200000,4200.0,4170.0,4170.0,4200.0,572356070
1511555400000,4202.0,4045.0,4045.0,4061.0,148311750
1511641800000,4269.0,4150.0,4190.0,4200.0,562549191
1511814600000,4102.0,4060.0,4102.0,4100.0,96379220
1511901000000,4237.0,4081.0,4081.0,4237.0,5325096681
1512160200000,4166.0,4101.0,4166.0,4106.0,10113700
1512246600000,4248.0,4160.0,4247.0,4160.0,524555417
1512333000000,4160.0,4160.0,4160.0,4160.0,31075200
1512419400000,4242.0,4150.0,4242.0,4150.0,487946310
1512765000000,4259.0,4199.0,4210.0,4210.0,12900909310
1512851400000,4220.0,4200.0,4220.0,4200.0,78977540
1512937800000,4200.0,4200.0,4200.0,4200.0,6148800
1513024200000,4200.0,4200.0,4200.0,4200.0,4485600
1513110600000,4200.0,4121.0,4200.0,4121.0,113812100
1513369800000,4298.0,4298.0,4298.0,4298.0,10745000
1513456200000,4297.0,4200.0,4297.0,4200.0,623421580
1513629000000,4300.0,4201.0,4201.0,4300.0,55075056
1513715400000,4379.0,4250.0,4300.0,4270.0,222515580
1513974600000,4250.0,4224.0,4230.0,4224.0,219198760
1514061000000,4300.0,4300.0,4300.0,4300.0,94600000
1514147400000,4272.0,4200.0,4200.0,4270.0,3223881200
1514233800000,4300.0,4270.0,4270.0,4300.0,503745700
1514320200000,4100.0,4084.0,4100.0,4084.0,105337392
1514579400000,4270.0,4269.0,4270.0,4269.0,27753800
1514665800000,4270.0,4095.0,4121.0,4270.0,265368040
1514838600000,4220.0,4100.0,4200.0,4100.0,225382400
1514925000000,4200.0,4095.0,4200.0,4200.0,78953350
1515184200000,4210.0,4102.0,4200.0,4210.0,157195638
1515357000000,4179.0,4147.0,4147.0,4160.0,47729000
1515529800000,4200.0,4200.0,4200.0,4200.0,46200000
1515789000000,4200.0,4110.0,4170.0,4110.0,46537000
1515875400000,4268.0,4130.0,4268.0,4130.0,12196018
1515961800000,4200.0,4122.0,4122.0,4200.0,33054000
1516048200000,4150.0,4141.0,4150.0,4145.0,159438776
1516134600000,4131.0,4036.0,4131.0,4036.0,982969994
1516393800000,4170.0,4100.0,4170.0,4100.0,9311462890
1516480200000,4200.0,4016.0,4160.0,4016.0,943307748
1516566600000,4193.0,4110.0,4176.0,4110.0,2088439611
1516653000000,4190.0,4180.0,4189.0,4181.0,1124772252
1516998600000,4049.0,4049.0,4049.0,4049.0,11134750
1517085000000,4150.0,4051.0,4051.0,4150.0,228712600
1517171400000,4198.0,4071.0,4072.0,4081.0,7947387
1517257800000,4178.0,4120.0,4120.0,4150.0,211729360
1517344200000,4150.0,4120.0,4150.0,4120.0,310320250
1517603400000,4160.0,4120.0,4160.0,4156.0,273462064
1517689800000,4070.0,4051.0,4070.0,4051.0,30321650
1517776200000,4100.0,4042.0,4077.0,4042.0,576277507
1517862600000,4154.0,4034.0,4051.0,4041.0,283956530
1517949000000,4028.0,4010.0,4011.0,4028.0,153761814
1518208200000,4021.0,4021.0,4021.0,4021.0,402100
1518381000000,4195.0,4115.0,4158.0,4137.0,1786700270
1518467400000,4160.0,4080.0,4160.0,4080.0,1780344692
1518553800000,4101.0,4052.0,4052.0,4080.0,435164172
1518813000000,4071.0,4062.0,4062.0,4071.0,26615100
1518899400000,4075.0,4030.0,4073.0,4030.0,1169783692
1518985800000,4040.0,4040.0,4040.0,4040.0,1042033160
1519158600000,4079.0,4000.0,4051.0,4078.0,2546504577
1519417800000,4150.0,4000.0,4088.0,4150.0,1837047633
1519504200000,4179.0,4100.0,4100.0,4179.0,208396393
1519590600000,4160.0,4012.0,4160.0,4149.0,586759859
1519677000000,4040.0,4027.0,4027.0,4039.0,51192867
1519763400000,4070.0,4025.0,4060.0,4070.0,1122504046
1520022600000,4080.0,4032.0,4038.0,4080.0,83166354
1520109000000,4010.0,4000.0,4003.0,4009.0,294744082
1520195400000,4010.0,4000.0,4010.0,4000.0,164505458
1520281800000,3970.0,3805.0,3970.0,3810.0,315392455
1520368200000,4000.0,3800.0,3901.0,4000.0,2942024300
1520627400000,3996.0,3991.0,3991.0,3996.0,469121652
1520713800000,4060.0,3997.0,4001.0,4060.0,286816715
1520800200000,4060.0,4005.0,4060.0,4005.0,632832350
1520886600000,4060.0,4000.0,4001.0,4000.0,304285000
1520973000000,4001.0,4000.0,4001.0,4000.0,80297074
1521232200000,4000.0,3920.0,4000.0,3920.0,18638080
1521318600000,4000.0,3950.0,3950.0,4000.0,47650000
1521405000000,4040.0,3990.0,4040.0,3990.0,27711060
1522006200000,4039.0,3851.0,3941.0,4039.0,236465701
1522092600000,4000.0,3855.0,3856.0,4000.0,61788600
1522783800000,4000.0,3912.0,3999.0,3940.0,176206313
1523043000000,3900.0,3757.0,3900.0,3760.0,400273314
1523129400000,3700.0,3628.0,3700.0,3663.0,490181170
1523215800000,3700.0,3500.0,3501.0,3500.0,1091281867
1523302200000,3708.0,3610.0,3707.0,3703.0,992816461
1523388600000,3715.0,3715.0,3715.0,3715.0,8247300
1523734200000,3814.0,3550.0,3790.0,3750.0,116916304
1523820600000,3730.0,3610.0,3610.0,3700.0,111092630
1523907000000,3720.0,3680.0,3680.0,3685.0,172476685
1523993400000,3670.0,3653.0,3670.0,3653.0,174814460
1524252600000,3653.0,3653.0,3653.0,3653.0,1826500
1524339000000,3640.0,3610.0,3610.0,3640.0,29788600
1524425400000,3760.0,3610.0,3760.0,3610.0,32107880
1524511800000,3750.0,3550.0,3750.0,3550.0,51775910
1524857400000,3655.0,3538.0,3538.0,3615.0,7663998
1524943800000,3680.0,3538.0,3540.0,3538.0,53220544
1525030200000,3538.0,3538.0,3538.0,3538.0,5512204
1525116600000,3600.0,3538.0,3539.0,3538.0,12486260
1525462200000,3600.0,3560.0,3600.0,3599.0,34682280
1525548600000,3600.0,3410.0,3441.0,3599.0,31059210
1525635000000,3645.0,3599.0,3599.0,3600.0,122831600
1525721400000,3727.0,3452.0,3727.0,3515.0,233951520
1525807800000,3550.0,3368.0,3550.0,3368.0,70777900
1526067000000,3556.0,3400.0,3400.0,3556.0,766139640
1526153400000,3728.0,3553.0,3650.0,3648.0,434195346
1526239800000,3876.0,3711.0,3729.0,3750.0,1121619307
1526326200000,3880.0,3722.0,3722.0,3778.0,112066104
1526412600000,3900.0,3713.0,3800.0,3713.0,55752348
1526671800000,3878.0,3635.0,3635.0,3710.0,1430863963
1526758200000,3648.0,3591.0,3606.0,3635.0,2401720813
1526844600000,3789.0,3600.0,3789.0,3600.0,268268730
1526931000000,3560.0,3524.0,3560.0,3524.0,62498634
1527017400000,3599.0,3393.0,3525.0,3400.0,12968854702
1527276600000,3520.0,3450.0,3470.0,3450.0,1215386422
1527363000000,3500.0,3450.0,3500.0,3450.0,1314533930
1527449400000,3508.0,3400.0,3508.0,3400.0,2161113506
1527535800000,3468.0,3350.0,3410.0,3350.0,420810564
1527622200000,3537.0,3363.0,3537.0,3402.0,7526079780
1528831800000,2931.0,2931.0,2931.0,2931.0,1495396200
1529177400000,3077.0,3030.0,3077.0,3033.0,4448780582
1529263800000,3060.0,2950.0,3060.0,2960.0,1468902996
1529350200000,2988.0,2905.0,2988.0,2917.0,2117428080
1529436600000,3071.0,2950.0,2950.0,3071.0,13069736895
1529695800000,3221.0,3219.0,3221.0,3221.0,8088768694
1529782200000,3349.0,3060.0,3227.0,3090.0,3575436137
1529868600000,3130.0,3070.0,3100.0,3092.0,2700258137
1529955000000,3087.0,2951.0,3087.0,3040.0,1031569915
1530041400000,3144.0,2953.0,3040.0,3000.0,997833050
1530300600000,3137.0,3020.0,3137.0,3126.0,3356526078
1530387000000,3149.0,2941.0,3149.0,3043.0,1432662138
1530473400000,3090.0,2967.0,3079.0,3072.0,181860339
1530559800000,3119.0,3000.0,3119.0,3021.0,155751264
1530646200000,3219.0,3017.0,3060.0,3219.0,8026869788
1530905400000,3221.0,3071.0,3075.0,3150.0,1881207381
1530991800000,3137.0,3083.0,3092.0,3083.0,235689689
1531164600000,3122.0,3002.0,3075.0,3002.0,1153448907
1531251000000,3075.0,2930.0,3075.0,2942.0,554701220
1531510200000,3094.0,3050.0,3050.0,3093.0,772812345
1531596600000,3040.0,2939.0,3040.0,3000.0,249629443
1531683000000,3040.0,2955.0,2955.0,3025.0,128761439
1531769400000,3068.0,2933.0,3068.0,3000.0,522260670
1531855800000,3048.0,2956.0,3027.0,3031.0,143592994
1532115000000,3136.0,3073.0,3074.0,3136.0,4059368269
1532201400000,3289.0,3288.0,3289.0,3289.0,8832297825
1532287800000,3339.0,3170.0,3300.0,3200.0,4505279396
1532374200000,3328.0,3193.0,3295.0,3202.0,9357056957
1532460600000,3257.0,3162.0,3220.0,3170.0,4305303539
1532719800000,3288.0,3100.0,3122.0,3100.0,2429712630
1532806200000,3199.0,3100.0,3198.0,3151.0,3182901451
1532892600000,3220.0,3101.0,3160.0,3161.0,4591702601
1532979000000,3318.0,3200.0,3200.0,3318.0,14027678419
1533065400000,3475.0,3152.0,3475.0,3152.0,5147071006
1533324600000,3200.0,3064.0,3200.0,3064.0,1418569397
1533411000000,3184.0,3040.0,3130.0,3070.0,3569378107
1533497400000,3179.0,2951.0,3051.0,2953.0,1704380629
1533583800000,3139.0,2930.0,2940.0,3060.0,2982861307
1533670200000,3214.0,3150.0,3155.0,3150.0,6801252540
1533929400000,3300.0,3061.0,3150.0,3188.0,1352138037
1534015800000,3299.0,3078.0,3188.0,3152.0,1938678606
1534102200000,3179.0,3060.0,3132.0,3110.0,1199168266
1534188600000,3151.0,3000.0,3151.0,3045.0,915041158
1534275000000,3119.0,3002.0,3002.0,3090.0,708201437
1534534200000,3119.0,3048.0,3119.0,3096.0,656523862
1534620600000,3137.0,3010.0,3010.0,3120.0,969229444
1534707000000,3150.0,3044.0,3061.0,3110.0,2743114803
1534793400000,3234.0,3190.0,3234.0,3234.0,7045376526
1535139000000,3352.0,3234.0,3240.0,3326.0,13451321436
1535225400000,3480.0,3344.0,3390.0,3480.0,11839516143
1535311800000,3470.0,3260.0,3445.0,3272.0,5414434164
1535398200000,3440.0,3215.0,3260.0,3270.0,4134766640
1535484600000,3388.0,3260.0,3270.0,3276.0,1882746546
1535743800000,3350.0,3240.0,3350.0,3250.0,2682847189
1535830200000,3320.0,3251.0,3307.0,3285.0,2455958084
1535916600000,3359.0,3278.0,3359.0,3326.0,1755561859
1536003000000,3358.0,3257.0,3311.0,3300.0,2643614080
1536089400000,3436.0,3310.0,3355.0,3431.0,5963212296
1536348600000,3581.0,3400.0,3448.0,3581.0,7580827983
1536435000000,3715.0,3550.0,3712.0,3575.0,3764928006
1536521400000,3699.0,3560.0,3680.0,3572.0,6016400653
1536607800000,3730.0,3501.0,3572.0,3539.0,3438838786
1536694200000,3712.0,3530.0,3697.0,3712.0,6602268613
1536953400000,3883.0,3870.0,3883.0,3883.0,1863611914
1537039800000,4076.0,3751.0,4076.0,4003.0,4462975186
1537126200000,4179.0,4075.0,4075.0,4179.0,4178178324
1537212600000,4385.0,4385.0,4385.0,4385.0,5919750
1537561800000,4604.0,4604.0,4604.0,4604.0,111960072
1537648200000,4834.0,4561.0,4834.0,4663.0,16632359514
1537734600000,4870.0,4560.0,4870.0,4798.0,5600893763
1537821000000,4910.0,4700.0,4910.0,4706.0,3551208163
1537907400000,4878.0,4583.0,4878.0,4630.0,18928616455
1538166600000,4861.0,4592.0,4698.0,4840.0,14668785571
1538253000000,5069.0,4820.0,4900.0,5069.0,21562611201
1538339400000,5030.0,4706.0,4960.0,4999.0,12174828650
1538425800000,5000.0,4636.0,5000.0,4636.0,10837731535
1538512200000,4688.0,4550.0,4550.0,4649.0,5863009755
1538771400000,4789.0,4333.0,4500.0,4350.0,10747193261
1538857800000,4361.0,4360.0,4360.0,4360.0,3605404090
1538944200000,4242.0,4142.0,4142.0,4142.0,1111862504
1539030600000,4290.0,3935.0,4000.0,4000.0,5618281260
1539117000000,4178.0,3934.0,3934.0,3934.0,3998194591
1539376200000,3999.0,3739.0,3770.0,3739.0,757055225
1539462600000,3700.0,3578.0,3578.0,3641.0,576514288
1539549000000,3783.0,3515.0,3515.0,3783.0,482194773
1539635400000,3934.0,3848.0,3934.0,3910.0,6315283311
1539721800000,3850.0,3732.0,3732.0,3732.0,11538387492
1539981000000,3919.0,3640.0,3899.0,3919.0,7220181820
1540067400000,3954.0,3720.0,3922.0,3743.0,10680778553
1540153800000,3799.0,3595.0,3620.0,3595.0,6787817933
1540240200000,3588.0,3425.0,3500.0,3445.0,4098331490
1540326600000,3348.0,3260.0,3348.0,3260.0,4105166969
1540585800000,3275.0,3100.0,3250.0,3150.0,4212007596
1540672200000,3295.0,3171.0,3198.0,3295.0,6588110032
1540758600000,3426.0,3320.0,3320.0,3426.0,3243938926
1540931400000,3591.0,3372.0,3440.0,3591.0,6797652525
1541190600000,3600.0,3409.0,3557.0,3470.0,2051559835
1541277000000,3520.0,3312.0,3520.0,3380.0,2143784221
1541363400000,3542.0,3300.0,3300.0,3542.0,3638327317
1541449800000,3658.0,3431.0,3580.0,3579.0,902798091
1541795400000,3721.0,3523.0,3630.0,3719.0,1516926271
1541881800000,3721.0,3498.0,3600.0,3584.0,2529753751
1541968200000,3692.0,3567.0,3590.0,3692.0,5590624390
1542054600000,3760.0,3612.0,3760.0,3625.0,1147508408
1542141000000,3861.0,3495.0,3536.0,3603.0,3313081890
1542400200000,3698.0,3540.0,3562.0,3545.0,1427543505
1542486600000,3666.0,3407.0,3666.0,3431.0,1318635031
1542573000000,3599.0,3361.0,3400.0,3570.0,269416281
1542659400000,3495.0,3378.0,3490.0,3403.0,476893867
1542745800000,3588.0,3485.0,3500.0,3500.0,1339226330
1543005000000,3721.0,3600.0,3717.0,3650.0,3618621336
1543177800000,3561.0,3519.0,3560.0,3519.0,1118217476
1543264200000,3560.0,3413.0,3413.0,3560.0,41461379
1543350600000,3500.0,3361.0,3432.0,3400.0,995906470
1543609800000,3410.0,3253.0,3410.0,3253.0,1030326752
1543696200000,3391.0,3300.0,3300.0,3320.0,318467278
1543782600000,3360.0,3225.0,3360.0,3226.0,1010338476
1543869000000,3250.0,3160.0,3225.0,3250.0,1280914731
1543955400000,3341.0,3299.0,3300.0,3341.0,4892905914
1544214600000,3505.0,3470.0,3505.0,3505.0,17278998730
1544301000000,3680.0,3508.0,3680.0,3548.0,8564463517
1544387400000,3604.0,3435.0,3600.0,3435.0,1451463017
1544560200000,3539.0,3342.0,3460.0,3367.0,732356725
1544819400000,3416.0,3289.0,3334.0,3301.0,642209976
1544905800000,3369.0,3252.0,3369.0,3352.0,663797180
1544992200000,3520.0,3302.0,3469.0,3360.0,1264187358
1545078600000,3470.0,3293.0,3470.0,3340.0,825202739
1545165000000,3305.0,3157.0,3238.0,3305.0,497507792
1545424200000,3347.0,3150.0,3300.0,3347.0,306853335
1545510600000,3342.0,3230.0,3333.0,3300.0,91532401
1545597000000,3407.0,3241.0,3407.0,3300.0,665240030
1545683400000,3328.0,3201.0,3257.0,3300.0,356481542
1545769800000,3430.0,3202.0,3325.0,3358.0,825150758
1546029000000,3400.0,3266.0,3400.0,3363.0,572051009
1546115400000,3300.0,3162.0,3230.0,3233.0,1985418173
1546201800000,3379.0,3270.0,3275.0,3275.0,2883318655
1546288200000,3320.0,3200.0,3271.0,3297.0,1531634935
1546374600000,3350.0,3233.0,3297.0,3312.0,1755407822
1546633800000,3344.0,3225.0,3271.0,3225.0,1909448609
1546720200000,3260.0,3196.0,3230.0,3217.0,1186341559
1546806600000,3240.0,3065.0,3230.0,3227.0,5090643724
1546893000000,3257.0,3178.0,3200.0,3210.0,1287699633
1546979400000,3249.0,3130.0,3211.0,3239.0,1445164065
1547238600000,3258.0,3175.0,3258.0,3254.0,1324670573
1547325000000,3389.0,3228.0,3340.0,3300.0,4537015464
1547411400000,3372.0,3183.0,3372.0,3278.0,1309398715
1547497800000,3260.0,3190.0,3201.0,3214.0,584380173
1547584200000,3212.0,3121.0,3204.0,3190.0,1286675634
1547843400000,3331.0,3244.0,3244.0,3331.0,5193593965
1547929800000,3473.0,3380.0,3409.0,3460.0,12442053147
1548016200000,3450.0,3278.0,3450.0,3278.0,4380498659
1548102600000,3464.0,3225.0,3273.0,3360.0,3299232501
1548189000000,3439.0,3267.0,3439.0,3295.0,801110212
1548448200000,3295.0,3255.0,3278.0,3255.0,1193599534
1548534600000,3320.0,3230.0,3260.0,3280.0,1019699079
1548621000000,3378.0,3251.0,3279.0,3305.0,1559720385
1548707400000,3316.0,3226.0,3245.0,3316.0,1295876763
1548793800000,3328.0,3220.0,3240.0,3224.0,947053221
1549053000000,3400.0,3250.0,3250.0,3252.0,1703219228
1549139400000,3250.0,3200.0,3242.0,3201.0,523691345
1549225800000,3328.0,3206.0,3210.0,3231.0,1321348037
1549312200000,3310.0,3231.0,3310.0,3250.0,358495147
1549398600000,3298.0,3232.0,3233.0,3263.0,2334568798
1549744200000,3260.0,3220.0,3260.0,3220.0,675790774
1549917000000,3276.0,3181.0,3208.0,3181.0,487290809
1550003400000,3174.0,3105.0,3115.0,3133.0,238334561
1550262600000,3175.0,3085.0,3121.0,3150.0,868979218
1550349000000,3153.0,3100.0,3153.0,3101.0,1134831945
1550435400000,3153.0,3100.0,3114.0,3102.0,226682120
1550521800000,3150.0,3100.0,3130.0,3110.0,1836541966
1550608200000,3151.0,3090.0,3100.0,3101.0,301744831
1550867400000,3150.0,3092.0,3092.0,3110.0,729328419
1550953800000,3450.0,3300.0,3300.0,3375.0,4634064311
1551040200000,3415.0,3320.0,3400.0,3356.0,2401755033
1551126600000,3350.0,3204.0,3275.0,3322.0,768115299
1551213000000,3280.0,3178.0,3280.0,3203.0,1298733962
1551472200000,3270.0,3192.0,3192.0,3218.0,1389852389
1551558600000,3255.0,3155.0,3204.0,3158.0,1985085086
1551645000000,3347.0,3176.0,3250.0,3347.0,4582878364
1551731400000,3486.0,3431.0,3485.0,3486.0,8567880139
1551817800000,3655.0,3602.0,3602.0,3655.0,15438981134
1552077000000,3710.0,3563.0,3710.0,3673.0,5648350611
1552163400000,3600.0,3457.0,3600.0,3498.0,4308023257
1552249800000,3542.0,3340.0,3542.0,3457.0,3035816803
1552336200000,3448.0,3239.0,3355.0,3301.0,4019758419
1552422600000,3399.0,3197.0,3350.0,3197.0,3860766593
1552681800000,3291.0,3141.0,3222.0,3170.0,8089196320
1552768200000,3245.0,3181.0,3186.0,3190.0,5913404202
1552854600000,3238.0,3175.0,3235.0,3200.0,4215887771
1552941000000,3240.0,3160.0,3240.0,3180.0,5345819235
1553455800000,3347.0,3200.0,3234.0,3347.0,3387671794
1553542200000,3478.0,3365.0,3365.0,3465.0,6152497870
1553628600000,3494.0,3330.0,3419.0,3330.0,3993046007
1553887800000,3544.0,3304.0,3429.0,3500.0,7097493384
1553974200000,3539.0,3361.0,3430.0,3425.0,3736140794
1554492600000,3517.0,3325.0,3325.0,3460.0,2912169748
1554579000000,3654.0,3485.0,3544.0,3485.0,5829101510
1554665400000,3570.0,3430.0,3560.0,3450.0,3488094650
1554751800000,3491.0,3331.0,3449.0,3400.0,4457672760
1554838200000,3490.0,3350.0,3350.0,3412.0,4430489533
1555097400000,3550.0,3450.0,3450.0,3527.0,4034913602
1555183800000,3591.0,3511.0,3591.0,3553.0,2781403408
1555270200000,3751.0,3591.0,3591.0,3751.0,5943114609
1555356600000,3914.0,3666.0,3850.0,3700.0,17990163208
1555443000000,3975.0,3713.0,3713.0,3920.0,7934256033
1555702200000,4066.0,3812.0,3812.0,4066.0,9681241738
1555875000000,4215.0,3834.0,4215.0,3841.0,9776903579
1555961400000,3948.0,3776.0,3948.0,3812.0,6198252961
1556047800000,3970.0,3705.0,3970.0,3898.0,6230028328
1556307000000,3981.0,3948.0,3981.0,3981.0,47324085151
1556393400000,4180.0,4180.0,4180.0,4180.0,3111637980
1556479800000,4389.0,4389.0,4389.0,4389.0,1316673666
1556566200000,4608.0,4608.0,4608.0,4608.0,28093870080
1556652600000,4838.0,4838.0,4838.0,4838.0,19077167734
1556911800000,5079.0,5079.0,5079.0,5079.0,17753664816
1556998200000,5332.0,5332.0,5332.0,5332.0,6163264132
1557171000000,5319.0,4813.0,5066.0,5319.0,158488188062
1557257400000,5284.0,5284.0,5284.0,5284.0,1683191780
1557516600000,5548.0,5270.0,5548.0,5548.0,102346120260
1557603000000,5790.0,5601.0,5735.0,5790.0,65553840976
1557689400000,6070.0,6070.0,6070.0,6070.0,21796671950
1557775800000,6373.0,6373.0,6373.0,6373.0,4081963857
1557862200000,6691.0,6691.0,6691.0,6691.0,4889635598
1558121400000,8085.0,7406.0,7700.0,8085.0,211932594019
1558207800000,8087.0,7538.0,8049.0,7538.0,56313229308
1558294200000,7284.0,7284.0,7284.0,7284.0,6513920952
1558380600000,7648.0,6923.0,7310.0,7187.0,178230978841
1558467000000,7300.0,7032.0,7070.0,7032.0,76434136439
1558726200000,7311.0,6830.0,7031.0,7100.0,35394640432
1558812600000,7427.0,7150.0,7150.0,7427.0,67616486155
1558985400000,7700.0,7100.0,7700.0,7239.0,60866785030
1559071800000,7366.0,7043.0,7364.0,7130.0,49007683736
1559331000000,7421.0,6751.0,7250.0,7300.0,29597136629
1559417400000,7598.0,7199.0,7199.0,7310.0,36406019638
1559503800000,7780.0,7261.0,7486.0,7351.0,33974791978
1559935800000,7550.0,7189.0,7189.0,7189.0,21480275321
1560022200000,7695.0,7113.0,7426.0,7658.0,88062362209
1560108600000,7909.0,7560.0,7779.0,7909.0,97676343108
1560195000000,8190.0,7606.0,8190.0,7790.0,58023181395
1560281400000,7980.0,7528.0,7790.0,7528.0,102112940368
1560540600000,7730.0,7193.0,7193.0,7600.0,28613142907
1560627000000,7798.0,7390.0,7747.0,7390.0,24508794666
1560713400000,7543.0,7252.0,7543.0,7330.0,14424124938
1560799800000,7509.0,6954.0,7350.0,6999.0,28731890876
1561491000000,7119.0,6750.0,7119.0,6800.0,10258379334
1561836600000,6780.0,6594.0,6780.0,6594.0,7646794609
1561923000000,6589.0,6287.0,6287.0,6500.0,51661370044
1562009400000,6665.0,6400.0,6590.0,6665.0,6071478160
1562095800000,6985.0,6950.0,6985.0,6985.0,23963199224
1562355000000,7160.0,6635.0,7160.0,6762.0,13344266591
1562441400000,6980.0,6470.0,6970.0,6890.0,7733498456
1562527800000,6979.0,6880.0,6947.0,6979.0,12454829945
1562614200000,7326.0,6999.0,7326.0,7326.0,41144217114
1562700600000,7600.0,7000.0,7390.0,7599.0,12091636235
1562959800000,7364.0,6999.0,7166.0,7081.0,16887446266
1563046200000,7299.0,6814.0,6931.0,6876.0,2801090100
1563132600000,7149.0,6690.0,7100.0,6690.0,3221928659
1563219000000,7000.0,6493.0,7000.0,6493.0,6198673561
1563305400000,6831.0,6181.0,6492.0,6700.0,14178086335
1563564600000,6800.0,6401.0,6800.0,6645.0,2431850775
1563651000000,6645.0,6234.0,6645.0,6300.0,13855439972
1563737400000,6340.0,6025.0,6025.0,6182.0,3568246999
1563823800000,6318.0,5901.0,6318.0,5901.0,5409749748
1563910200000,6456.0,6200.0,6200.0,6456.0,12211163619
1564169400000,6546.0,6109.0,6456.0,6269.0,3958664895
1564255800000,6400.0,6002.0,6002.0,6157.0,5490834147
1564342200000,6300.0,6001.0,6200.0,6170.0,5693096377
1564428600000,6283.0,6150.0,6199.0,6278.0,2343659366
1564515000000,6231.0,6034.0,6220.0,6051.0,6711973834
1564774200000,6148.0,5901.0,6004.0,5989.0,9607801882
1564860600000,6197.0,5911.0,6000.0,6168.0,6980872948
1564947000000,6392.0,6150.0,6200.0,6392.0,18036197587
1565033400000,6598.0,6392.0,6527.0,6495.0,7564187606
1565119800000,6830.0,6600.0,6600.0,6830.0,39287877762
1565379000000,7165.0,7165.0,7165.0,7165.0,6475927620
1565465400000,7523.0,7165.0,7500.0,7523.0,79401114709
1565638200000,7877.0,7550.0,7656.0,7876.0,37654182622
1565724600000,7999.0,7575.0,7774.0,7887.0,19038040086
1565983800000,7993.0,7600.0,7993.0,7700.0,15561028995
1566070200000,8087.0,7602.0,7789.0,8087.0,37226753094
1566156600000,8434.0,8100.0,8433.0,8424.0,37181021132
1566329400000,8496.0,8101.0,8480.0,8200.0,22335654882
1566588600000,8300.0,7970.0,8200.0,8000.0,25906077881
1566675000000,8179.0,7799.0,8170.0,7960.0,23562152023
1566761400000,8099.0,7520.0,7965.0,7800.0,29346830461
1566847800000,7979.0,7523.0,7790.0,7523.0,9347574383
1566934200000,8124.0,7500.0,7728.0,8124.0,38738942625
1567193400000,8455.0,8053.0,8240.0,8130.0,14492635140
1567279800000,8409.0,7893.0,8403.0,8249.0,40841818838
1567366200000,8716.0,8003.0,8249.0,8200.0,21241898194
1567452600000,8400.0,8050.0,8380.0,8062.0,10873858436
1567539000000,8400.0,8010.0,8010.0,8191.0,20366322487
1567798200000,8356.0,8030.0,8250.0,8138.0,11627323009
1567884600000,8539.0,8040.0,8250.0,8539.0,104254422868
1568143800000,8895.0,8600.0,8895.0,8895.0,154097406837
1568403000000,9333.0,9056.0,9333.0,9250.0,158584420575
1568489400000,9765.0,8844.0,9329.0,9700.0,88222072817
1568575800000,9812.0,9200.0,9700.0,9500.0,107221503998
1568662200000,9580.0,9156.0,9580.0,9156.0,41059231645
1568752200000,9099.0,8735.0,8900.0,8735.0,25941643991
1569011400000,9000.0,8355.0,8736.0,8575.0,20584939564
1569616200000,9000.0,8449.0,8893.0,8979.0,19307658319
1569702600000,9330.0,9010.0,9199.0,9330.0,78958632454
1569789000000,9742.0,9200.0,9470.0,9742.0,61126847134
1569875400000,9990.0,9145.0,9900.0,9145.0,45814853339
1569961800000,9550.0,9075.0,9082.0,9075.0,41746513500
1570221000000,9333.0,8703.0,9333.0,8703.0,26575051986
1570307400000,8698.0,8445.0,8445.0,8445.0,21304115872
1570393800000,8695.0,8027.0,8695.0,8027.0,28763728395
1570480200000,8598.0,7780.0,7900.0,8040.0,108411015084
1570566600000,8199.0,7951.0,8052.0,8050.0,19168064714
1570825800000,8369.0,7910.0,8070.0,8039.0,16051772514
1570912200000,8150.0,7643.0,8150.0,7643.0,34627318389
1570998600000,7790.0,7324.0,7643.0,7324.0,21332305627
1571085000000,7500.0,6981.0,7320.0,6981.0,5667666804
1571171400000,6956.0,6732.0,6732.0,6732.0,18733546734
1571517000000,6750.0,6408.0,6410.0,6408.0,4854204022
1571603400000,6729.0,6096.0,6096.0,6375.0,16624037331
1571689800000,6473.0,6165.0,6473.0,6470.0,19335186493
1571776200000,6690.0,6142.0,6690.0,6652.0,8228641067
1572035400000,6813.0,6671.0,6736.0,6813.0,9302932151
1572208200000,7147.0,6940.0,7100.0,7134.0,19835973835
1572381000000,7399.0,7117.0,7300.0,7260.0,10526927292
1572640200000,7588.0,6960.0,7588.0,7076.0,12471748005
1572726600000,7305.0,6902.0,7128.0,7250.0,9974823509
1572813000000,7345.0,6831.0,7345.0,6837.0,14872392527
1572899400000,7120.0,6700.0,7120.0,6900.0,6978917183
1573245000000,7050.0,6701.0,6995.0,6730.0,8414752435
1573331400000,6897.0,6511.0,6690.0,6691.0,10658430249
1573417800000,6850.0,6562.0,6688.0,6626.0,11807487946
1573504200000,6998.0,6704.0,6800.0,6971.0,8683057171
1573590600000,7060.0,6800.0,7060.0,7025.0,11969784244
1573849800000,7348.0,7100.0,7348.0,7300.0,11310267284
1573936200000,6997.0,6916.0,6916.0,6916.0,9869021438
1574022600000,7220.0,6666.0,7000.0,7000.0,5337363072
1574109000000,7100.0,6862.0,7000.0,6956.0,3630403486
1574195400000,7176.0,6800.0,7048.0,6948.0,6244277811
1574454600000,7099.0,6900.0,7099.0,6900.0,5032321680
1574541000000,7090.0,6868.0,6868.0,7050.0,8208172911
1574627400000,7277.0,7050.0,7150.0,7199.0,12356415103
1574713800000,7523.0,7200.0,7299.0,7523.0,29361542383
1574800200000,7837.0,7632.0,7789.0,7837.0,44765189950
1575059400000,8110.0,7778.0,8110.0,7900.0,26806220582
1575145800000,8200.0,7652.0,7997.0,8160.0,48188521593
1575232200000,8398.0,8010.0,8200.0,8260.0,48407008956
1575318600000,8343.0,8000.0,8297.0,8290.0,28160449117
1575405000000,8397.0,8088.0,8397.0,8184.0,13978271682
1575664200000,8426.0,8140.0,8350.0,8200.0,25879194288
1575750600000,8565.0,8183.0,8399.0,8550.0,62991310971
1575837000000,8844.0,8500.0,8500.0,8844.0,77827697664
1575923400000,9226.0,8601.0,9200.0,8873.0,74312879445
1576009800000,9280.0,8720.0,8780.0,9158.0,44667256517
1576269000000,9215.0,8904.0,9100.0,9100.0,25889811731
1576355400000,9350.0,8920.0,9350.0,9085.0,40310533323
1576441800000,9200.0,8802.0,9007.0,8860.0,29971540406
1576528200000,9095.0,8735.0,8920.0,8788.0,28358218043
1576614600000,9288.0,8881.0,8970.0,9288.0,81404694880
1576873800000,9698.0,9281.0,9468.0,9399.0,62094779367
1576960200000,9499.0,9060.0,9244.0,9278.0,29632983892
1577046600000,9433.0,8787.0,9300.0,8998.0,63005262096
1577133000000,9478.0,9000.0,9190.0,9478.0,71975046869
1577219400000,9790.0,9540.0,9550.0,9790.0,95971622766
1577478600000,10263.0,10001.0,10263.0,10263.0,79383286966
1577565000000,10764.0,10000.0,10555.0,10764.0,107275199045
1577651400000,11095.0,10887.0,11087.0,11095.0,25905129816
1577737800000,11620.0,10632.0,11620.0,11200.0,123795210371
1577824200000,11500.0,10654.0,11400.0,10696.0,87640350219
1578083400000,10387.0,10387.0,10387.0,10387.0,11856729339
1578169800000,10187.0,9868.0,9868.0,9868.0,96551085275
1578342600000,9849.0,9387.0,9400.0,9387.0,37626698129
1578429000000,9264.0,9262.0,9262.0,9262.0,66425948760
1578688200000,9447.0,9447.0,9447.0,9447.0,8356154910
1578774600000,9919.0,9919.0,9919.0,9919.0,25479887524
1578861000000,10414.0,10014.0,10407.0,10414.0,42443018493
1578947400000,10763.0,9958.0,10701.0,10553.0,72203811828
1579033800000,10983.0,10330.0,10600.0,10983.0,59834383111
1579293000000,11414.0,11000.0,11414.0,11414.0,75374231082
1579379400000,11979.0,10950.0,11430.0,11979.0,86521010277
1579465800000,12355.0,12355.0,12355.0,12355.0,13672611330
1579552200000,12972.0,12972.0,12972.0,12972.0,20573851440
1579638600000,13620.0,13620.0,13620.0,13620.0,99320989800
1579897800000,14301.0,13301.0,13970.0,14301.0,51742106949
1579984200000,14809.0,13902.0,14809.0,14809.0,172108812482
1580070600000,14897.0,14700.0,14897.0,14789.0,3727734071
1580589000000,15888.0,14759.0,15535.0,15250.0,154580951938
1580675400000,15788.0,14291.0,15195.0,15788.0,120326296502
1580761800000,16370.0,15801.0,16370.0,16370.0,140409268014
1580848200000,16850.0,15800.0,16850.0,15820.0,87329783781
1581107400000,16140.0,15341.0,15450.0,15341.0,68530311000
1581193800000,15746.0,14624.0,14830.0,14953.0,77238241561
1581280200000,15000.0,14272.0,15000.0,14272.0,21169522293
1581453000000,15000.0,13851.0,13851.0,14601.0,43245199189
1581712200000,14899.0,13919.0,14620.0,13945.0,124193877913
1581798600000,14530.0,13500.0,13500.0,14202.0,45224744109
1581885000000,14786.0,13942.0,14750.0,13985.0,40064555235
1581971400000,14873.0,14350.0,14350.0,14873.0,118364135007
1582057800000,15591.0,15000.0,15591.0,15590.0,166975485813
1582317000000,16322.0,14811.0,14811.0,15596.0,70277685587
1582403400000,16250.0,15600.0,16170.0,15832.0,107059864328
1582489800000,16453.0,15843.0,16400.0,16441.0,89448756688
1582576200000,16956.0,16200.0,16880.0,16956.0,95605804950
1582662600000,17695.0,17695.0,17695.0,17695.0,44786221950
1582921800000,18579.0,16850.0,17695.0,18579.0,161184721032
1583008200000,18912.0,18100.0,18910.0,18912.0,71276475661
1583094600000,19715.0,19200.0,19699.0,19715.0,71334711108
1583181000000,20651.0,19965.0,20649.0,20651.0,80562852350
1583267400000,21619.0,20696.0,21619.0,21300.0,75313928429
1583872200000,23437.0,21500.0,22321.0,22720.0,171039471784
1584131400000,22320.0,21645.0,21645.0,21645.0,100014637383
1584217800000,21500.0,20572.0,20575.0,20572.0,65046148840
1584304200000,21675.0,21080.0,21080.0,21675.0,78732847658
1584390600000,22647.0,20701.0,22647.0,21600.0,63257079666
1584477000000,22269.0,21210.0,22000.0,22269.0,93232649578
1584991800000,23262.0,22155.0,22659.0,23200.0,41906040051
1585078200000,24058.0,23000.0,23990.0,24000.0,42974458011
1585337400000,24943.0,24100.0,24940.0,24800.0,85642821966
1585423800000,26048.0,24300.0,25582.0,24590.0,66352545287
1585510200000,25000.0,23996.0,24020.0,24100.0,79982050030
1585942200000,24755.0,23300.0,24501.0,23998.0,118169573347
1586028600000,25210.0,23300.0,24349.0,25210.0,229821207279
1586115000000,25529.0,25216.0,25529.0,25529.0,68123791558
1586201400000,26804.0,26500.0,26804.0,26804.0,68979672402
1586287800000,28143.0,27870.0,28143.0,28138.0,118759790232
1586547000000,29500.0,26980.0,29000.0,28650.0,106689068148
1586633400000,29799.0,28010.0,29799.0,28110.0,73561698741
1586719800000,29500.0,27213.0,29400.0,27213.0,96005645203
1586806200000,27860.0,26370.0,26370.0,26370.0,113489166714
1586892600000,28009.0,25801.0,26360.0,27557.0,89271212972
1587151800000,28893.0,28004.0,28800.0,28893.0,124199066844
1587238200000,30326.0,29100.0,30311.0,29800.0,213140763597
1587324600000,31585.0,28700.0,31580.0,31459.0,168247759623
1587411000000,33013.0,31445.0,31445.0,33013.0,128999754512
1587497400000,34535.0,33501.0,34535.0,34535.0,76700122325
1587756600000,36243.0,36230.0,36243.0,36243.0,49034270319
1587929400000,39831.0,37935.0,37935.0,39000.0,103692991406
1588015800000,40200.0,36770.0,40200.0,37699.0,234134666867
1588102200000,38871.0,35950.0,37696.0,38400.0,152308993727
1588361400000,39545.0,39002.0,39540.0,39545.0,48809967157
1588447800000,41320.0,40001.0,41320.0,40500.0,228850985066
1588534200000,42000.0,39235.0,40000.0,40150.0,235216848433
1588620600000,40300.0,38049.0,40051.0,38049.0,100232064401
1588707000000,40000.0,36513.0,36513.0,39900.0,146566963866
1588966200000,39400.0,38938.0,39400.0,39400.0,109913121485
1589052600000,41200.0,38300.0,40000.0,39450.0,128350546042
1589139000000,41000.0,37834.0,41000.0,38220.0,130392417590
1589225400000,39700.0,36360.0,39700.0,36360.0,118489833617
1589311800000,38311.0,34721.0,34721.0,35894.0,122242505106
1589571000000,37000.0,34976.0,36816.0,34977.0,116886450958
1589657400000,36805.0,34100.0,34100.0,36180.0,57072283114
1589743800000,37607.0,36000.0,37600.0,37500.0,49556517730
1589830200000,39000.0,35354.0,39000.0,37000.0,96046932596
1589916600000,37780.0,34800.0,37780.0,35250.0,74580699187
1590175800000,35844.0,33819.0,35002.0,34300.0,53792714660
1590435000000,34000.0,32892.0,32892.0,32892.0,133392043398
1590521400000,33888.0,31253.0,31253.0,33000.0,62570682474
1590780600000,34155.0,33199.0,34150.0,34155.0,79388319539
1590867000000,35608.0,32290.0,35608.0,32350.0,50103951415
1590953400000,34832.0,33000.0,33997.0,34300.0,48019803148
1591039800000,35350.0,33000.0,34435.0,33598.0,64751792788
1591385400000,35869.0,33005.0,34197.0,35869.0,119285340107
1591471800000,36573.0,36000.0,36573.0,36573.0,51569244961
1591558200000,37960.0,34779.0,36573.0,35120.0,47264370996
1591644600000,36000.0,34801.0,35015.0,35709.0,50219641555
1591731000000,37234.0,35601.0,36800.0,37000.0,170459114652
1591990200000,38750.0,37080.0,38000.0,37350.0,57237935098
1592076600000,37350.0,35774.0,37350.0,36000.0,109953727820
1592163000000,37717.0,34570.0,35930.0,37717.0,241617874618
1592249400000,38803.0,38803.0,38803.0,38803.0,62647986742
1592595000000,40743.0,40743.0,40743.0,40743.0,56684758068
1592681400000,42780.0,42780.0,42780.0,42780.0,55198991220
1592767800000,44919.0,44919.0,44919.0,44919.0,58120020315
1592854200000,47164.0,47164.0,47164.0,47164.0,70572436480
1592940600000,49522.0,47300.0,49522.0,49522.0,304845229571
1593199800000,50900.0,46920.0,50900.0,49400.0,195279313954
1593286200000,49499.0,46207.0,49499.0,46207.0,256050493082
1593372600000,46266.0,44063.0,44063.0,45320.0,123500653782
1593459000000,46739.0,45340.0,45340.0,46739.0,79047725907
1593545400000,49029.0,47010.0,49029.0,47650.0,186089312971
1593804600000,50000.0,46052.0,50000.0,46053.0,132024925360
1593891000000,48060.0,44128.0,44128.0,47800.0,177954594473
1593977400000,48380.0,44000.0,47000.0,47000.0,219825831443
1594495800000,50000.0,50000.0,50000.0,50000.0,25749600000
1594582200000,48210.0,45904.0,48100.0,47450.0,207696107949
1594668600000,46200.0,44550.0,44550.0,45000.0,236955250043
1594755000000,46300.0,42850.0,46300.0,42960.0,90631023188
1595014200000,45200.0,41300.0,41500.0,44310.0,95041224469
1595100600000,45484.0,44360.0,45399.0,45484.0,220239668294
1595187000000,47677.0,45800.0,47450.0,47550.0,178402141271
1595273400000,49400.0,45159.0,49400.0,45159.0,125896727167
1595359800000,45300.0,43961.0,44000.0,44000.0,91641768156
1595619000000,46000.0,42350.0,42400.0,42896.0,82346274170
1595705400000,44290.0,42324.0,42450.0,42324.0,67106911160
1595791800000,43500.0,40337.0,42460.0,42480.0,65280474830
1595878200000,44063.0,44000.0,44000.0,44063.0,98487581613
1595964600000,44990.0,41857.0,44650.0,44120.0,72850458665
1596223800000,44790.0,42800.0,44790.0,44200.0,51136850041
1596310200000,46201.0,44200.0,45200.0,45650.0,83773226673
1596396600000,46500.0,43610.0,43149.0,44340.0,49276878040
1596483000000,47289.0,44010.0,45038.0,47289.0,240047090469
1596569400000,49505.0,49505.0,49505.0,49505.0,100141387270
1596915000000,51980.0,50000.0,51980.0,51980.0,406999025485
1597001400000,52900.0,49381.0,52880.0,51600.0,192545445397
1597087800000,53444.0,48357.0,48357.0,53439.0,206896325469
1597174200000,54289.0,50000.0,54289.0,54289.0,296698842817
1597433400000,54610.0,51459.0,54610.0,52400.0,224778971850
1597519800000,53500.0,49584.0,51802.0,49585.0,235049154244
1597606200000,51433.0,47600.0,47600.0,51088.0,67927307838
1597692600000,52463.0,47473.0,52463.0,50901.0,83897112695
1597779000000,53114.0,53114.0,53114.0,53114.0,105634610392
1598038200000,55700.0,51010.0,51769.0,53001.0,98312892211
1598124600000,53000.0,50499.0,53000.0,50499.0,141194146953
1598211000000,50500.0,48036.0,50499.0,48036.0,29075012553
1598297400000,51800.0,46891.0,46891.0,50290.0,98663485323
1598383800000,50860.0,48900.0,50850.0,50390.0,64624063172
1598815800000,50970.0,47761.0,50390.0,47761.0,67408156279
1598902200000,47000.0,45657.0,45736.0,45657.0,128544838607
1598988600000,43380.0,43380.0,43380.0,43380.0,3579760980
1599247800000,46420.0,43201.0,45470.0,43630.0,43620654671
1599334200000,46000.0,42030.0,43630.0,42030.0,34893421811
1599420600000,41077.0,41077.0,41077.0,41077.0,704552704
1599507000000,41044.0,41044.0,41044.0,41044.0,498930864
1599593400000,41021.0,41021.0,41021.0,41021.0,4300846745
1599852600000,43700.0,40826.0,40826.0,40826.0,21531655710
1599939000000,39985.0,39985.0,39985.0,39985.0,812015380
1600025400000,41000.0,39950.0,39950.0,40000.0,56017339438
1600111800000,41979.0,38100.0,40000.0,41400.0,43614945849
1600201800000,42987.0,39240.0,42987.0,40996.0,115894703930
1600461000000,42300.0,39045.0,42000.0,39840.0,34012377421
1600547400000,40980.0,38351.0,40369.0,38351.0,29098526417
1600633800000,37339.0,37339.0,37339.0,37339.0,2403399413
1600720200000,41160.0,37240.0,40000.0,39500.0,27990416986
1600806600000,41000.0,37243.0,40799.0,38700.0,32227528450
1601065800000,40906.0,37880.0,37880.0,40906.0,110636383904
1601152200000,42350.0,38852.0,42350.0,38852.0,17691899476
1601238600000,38558.0,38553.0,38553.0,38553.0,10929225372
1601325000000,42140.0,38128.0,38250.0,42140.0,68681410875
1601411400000,43907.0,41000.0,43500.0,43907.0,45680382485
1601670600000,44977.0,42660.0,44880.0,44977.0,54865206876
1601757000000,47079.0,45000.0,47079.0,46998.0,69903283157
1601843400000,49067.0,44422.0,46732.0,48500.0,37352633208
1601929800000,50055.0,49005.0,50053.0,50000.0,15329947983
1602016200000,50656.0,47100.0,50000.0,48800.0,46802883464
1602275400000,50385.0,46604.0,50385.0,49880.0,45474710224
1602361800000,49990.0,46003.0,48497.0,49050.0,97781659088
1602448200000,50656.0,46660.0,47000.0,48800.0,41031471888
1602534600000,49800.0,46711.0,48100.0,48835.0,30258359521
1602621000000,49250.0,46430.0,48639.0,48400.0,20547582993
1603485000000,46071.0,46071.0,46071.0,46071.0,276886710
1603657800000,46057.0,46057.0,46057.0,46057.0,36960788557
1603744200000,44265.0,44265.0,44265.0,44265.0,277762875
1603830600000,46580.0,44251.0,44251.0,44251.0,49580231752
1604089800000,45950.0,43067.0,43300.0,43067.0,66400300635
1604176200000,45380.0,41143.0,43308.0,41143.0,10120854756
1604262600000,40852.0,40852.0,40852.0,40852.0,18413385368
1604435400000,40017.0,40017.0,40017.0,40017.0,10550402016
1604694600000,41810.0,39539.0,40100.0,39539.0,21172552644
1604781000000,39398.0,38717.0,38717.0,38717.0,7472634296
1604867400000,42449.0,38407.0,38407.0,41300.0,36416640655
1604953800000,41880.0,38262.0,41000.0,38262.0,16560687821
1605040200000,40000.0,37730.0,38000.0,37900.0,27599878740
1605299400000,40490.0,37100.0,37100.0,40150.0,45302484497
1605385800000,41600.0,39000.0,40010.0,39800.0,21650734066
1605472200000,41906.0,38900.0,39000.0,41906.0,99448011223
1605558600000,43704.0,43704.0,43704.0,43704.0,46589425488
1605645000000,45512.0,45512.0,45512.0,45512.0,51113844520
1605904200000,47495.0,42973.0,47495.0,43340.0,298193589971
1605990600000,46000.0,43916.0,43916.0,44270.0,67692054214
1606077000000,46546.0,43192.0,45300.0,46546.0,235903838984
1606163400000,48199.0,48199.0,48199.0,48199.0,99716163757
1606249800000,50608.0,48500.0,50608.0,50608.0,175301460483
1606509000000,50985.0,48030.0,50000.0,50299.0,57472958514
1606595400000,52350.0,48055.0,50900.0,52200.0,133222852923
1606681800000,53100.0,50000.0,52364.0,50999.0,67433201445
1606768200000,50999.0,48669.0,48670.0,48720.0,59632724876
1606854600000,51390.0,48000.0,48000.0,49997.0,87712806337
1607113800000,52160.0,50000.0,51200.0,52160.0,127146283938
1607200200000,54373.0,52044.0,53999.0,52500.0,134799755069
1607286600000,54000.0,50636.0,50650.0,50990.0,188197591043
1607373000000,52950.0,48466.0,52950.0,50897.0,44122607587
1607459400000,53053.0,49000.0,49000.0,53053.0,962047858239
1607718600000,55659.0,55659.0,55659.0,55659.0,171321407586
1607805000000,58441.0,56772.0,58441.0,58000.0,887898560368
1607891400000,58000.0,55241.0,57000.0,55241.0,479634938845
1607977800000,53508.0,53508.0,53508.0,53508.0,48969130392
1608064200000,52868.0,50913.0,50913.0,52000.0,391025031517
1608323400000,53919.0,51352.0,51352.0,53919.0,239654452976
1608409800000,55790.0,52500.0,55790.0,53500.0,128382474522
1608496200000,56240.0,51400.0,51400.0,52000.0,88403909053
1608582600000,55655.0,51051.0,52210.0,55655.0,144143135459
1608669000000,56000.0,51987.0,56000.0,54000.0,110707974047
1608928200000,54500.0,51850.0,54500.0,53960.0,89094630449
1609014600000,54200.0,50750.0,51144.0,54200.0,113359891719
1609101000000,55036.0,53000.0,53000.0,54690.0,246460814119
1609187400000,57745.0,53010.0,55389.0,57745.0,333990966987
1609273800000,59711.0,55110.0,58480.0,56142.0,227138559683
1609533000000,57300.0,54796.0,57300.0,54796.0,71853107509
1609619400000,57000.0,52222.0,52842.0,53400.0,150569413318
1609705800000,55497.0,51560.0,55497.0,53610.0,101038027484
1609792200000,53968.0,51016.0,51360.0,51017.0,127634903998
1609878600000,54380.0,52325.0,54380.0,54380.0,660271556781
1610137800000,55060.0,51572.0,54987.0,51572.0,225697972089
1610224200000,53250.0,49545.0,52000.0,49545.0,328476633267
1610310600000,50900.0,48159.0,49000.0,48160.0,187036753369
1610397000000,48780.0,46381.0,48780.0,46381.0,14497545998
1610483400000,45667.0,45667.0,45667.0,45667.0,14362317167
1610742600000,44887.0,44887.0,44887.0,44887.0,24472841270
1610915400000,43731.0,43731.0,43731.0,43731.0,1764108540
1611001800000,43647.0,43647.0,43647.0,43647.0,168206066601
1611088200000,45700.0,42100.0,42100.0,43500.0,59037749460
1611347400000,44800.0,41842.0,41842.0,44750.0,107499421699
1611433800000,45842.0,41480.0,45842.0,41480.0,101482441651
1611520200000,43300.0,41015.0,42250.0,42525.0,95090283967
1611606600000,43462.0,41400.0,42900.0,42330.0,69280058025
1611693000000,44984.0,42333.0,44975.0,44984.0,61765112774
1611952200000,46959.0,44731.0,46890.0,46959.0,40201970690
1612038600000,48683.0,45001.0,48683.0,47885.0,78606308219
1612125000000,49000.0,45214.0,47992.0,47500.0,72034417153
1612211400000,48490.0,45250.0,47000.0,47300.0,47457841783
1612297800000,47989.0,44340.0,47900.0,44340.0,101894834403
1612557000000,46000.0,42376.0,42410.0,43990.0,60955542966
1612643400000,45000.0,42001.0,42001.0,44996.0,32360301199
1612729800000,46121.0,42300.0,45100.0,44000.0,82473169298
1612816200000,45200.0,43000.0,44500.0,44829.0,58903720803
1613161800000,46496.0,44829.0,46496.0,46100.0,23017732946
1613248200000,45570.0,43860.0,45570.0,44060.0,22448376917
1613334600000,44575.0,43568.0,43570.0,43568.0,17622626317
1613421000000,43999.0,43261.0,43261.0,43261.0,7580466120
1613507400000,43999.0,43128.0,43128.0,43128.0,7036757063
1613766600000,43006.0,43006.0,43006.0,43006.0,910867080
1613853000000,42990.0,42990.0,42990.0,42990.0,3449087700
1613939400000,42929.0,42929.0,42929.0,42929.0,284705128
1614025800000,42924.0,42924.0,42924.0,42924.0,28949877180
1614112200000,42416.0,42416.0,42416.0,42416.0,5529604256
1614371400000,42319.0,42319.0,42319.0,42319.0,1974858454
1614457800000,42285.0,42285.0,42285.0,42285.0,327581895
1614544200000,42279.0,42279.0,42279.0,42279.0,22133521569
1614630600000,41896.0,41896.0,41896.0,41896.0,5136240120
1614717000000,41807.0,41807.0,41807.0,41807.0,3373448637
1614976200000,41749.0,41749.0,41749.0,41749.0,4384688725
1615062600000,41675.0,41675.0,41675.0,41675.0,21404071625
1615149000000,41310.0,41310.0,41310.0,41310.0,21827584350
1615235400000,40938.0,40938.0,40938.0,40938.0,21623410662
1615321800000,40570.0,40570.0,40570.0,40570.0,20871682770
1615581000000,40214.0,40214.0,40214.0,40214.0,21322066010
1615667400000,42752.0,39864.0,39864.0,39868.0,78919823433
1615753800000,40890.0,39471.0,39502.0,40499.0,32447603812
1615840200000,41568.0,40151.0,41499.0,40988.0,12537250132
1615926600000,42397.0,40300.0,40300.0,41050.0,14581965858
1616787000000,42849.0,41050.0,42799.0,42849.0,20814723095
1616873400000,43000.0,41062.0,43000.0,41461.0,15158637152
1617046200000,42995.0,40642.0,42995.0,40725.0,14619960393
1617132600000,41500.0,40456.0,41490.0,40900.0,7733140420
1617391800000,40341.0,40341.0,40341.0,40341.0,16616578923
1617478200000,40850.0,40068.0,40068.0,40068.0,28019792463
1617564600000,41998.0,39611.0,39611.0,40458.0,18833691764
1617651000000,41974.0,39452.0,40241.0,39999.0,8641972639
1617737400000,39382.0,39375.0,39380.0,39375.0,12248104346
1617996600000,39173.0,39173.0,39173.0,39173.0,14927576764
1618083000000,42000.0,38935.0,38935.0,40000.0,13318012205
1618169400000,41000.0,38949.0,40990.0,39693.0,33974193258
1618255800000,41494.0,38770.0,40500.0,39990.0,13999070185
1618342200000,39998.0,38855.0,38955.0,38855.0,6167069362
1618601400000,38820.0,38761.0,38820.0,38761.0,6928855567
1618687800000,38652.0,38652.0,38652.0,38652.0,92416932
1618774200000,38651.0,38651.0,38651.0,38651.0,68721478
1618860600000,38650.0,38650.0,38650.0,38650.0,470099950
1618947000000,38248.0,38248.0,38248.0,38248.0,3985097368
1619206200000,38154.0,38154.0,38154.0,38154.0,4391754324
1619292600000,38050.0,38050.0,38050.0,38050.0,3882013200
1619379000000,37959.0,37959.0,37959.0,37959.0,143295225
1619465400000,37956.0,37956.0,37956.0,37956.0,4056661368
1619551800000,39899.0,37860.0,37860.0,39390.0,79025299572
1619811000000,40339.0,38450.0,40313.0,40339.0,60479768611
1619897400000,41900.0,40520.0,41000.0,40965.0,24850382438
1619983800000,40999.0,39238.0,40000.0,39238.0,12946584000
1620156600000,40290.0,39014.0,39014.0,39035.0,35250916187
1620415800000,39448.0,38301.0,39035.0,38301.0,12415061158
1620502200000,38054.0,38054.0,38054.0,38054.0,4411714382
1620588600000,38999.0,37949.0,37949.0,37949.0,20513690737
1620675000000,40500.0,37500.0,37500.0,39270.0,18368668554
1620761400000,38400.0,37662.0,37832.0,37662.0,6347730242
1621020600000,39980.0,37000.0,37000.0,39230.0,11906720333
1621107000000,41183.0,37280.0,39228.0,41173.0,51102884275
1621193400000,41799.0,38855.0,41799.0,38855.0,16389822266
1621279800000,39700.0,37993.0,38000.0,38110.0,4727363083
1621366200000,39530.0,37573.0,37576.0,37573.0,19903361486
1621625400000,35917.0,35917.0,35917.0,35917.0,4609049025
1621711800000,35341.0,35341.0,35341.0,35341.0,2784093298
1621798200000,34994.0,34994.0,34994.0,34994.0,1820842802
1621884600000,38000.0,34767.0,34767.0,37690.0,61730820709
1621971000000,37867.0,36600.0,37000.0,37867.0,24238448116
1622230200000,39707.0,36690.0,37867.0,39707.0,16121375564
1622316600000,41400.0,37600.0,39990.0,39920.0,19075203932
1622403000000,41110.0,38271.0,39860.0,40340.0,20846964226
1622489400000,41485.0,39215.0,41485.0,39530.0,11130607873
1622575800000,41952.0,38582.0,40400.0,41501.0,17802450441
1623007800000,43209.0,41710.0,41710.0,43209.0,28364049134
1623094200000,45177.0,42010.0,43500.0,43892.0,49238824178
1623180600000,46200.0,43000.0,45177.0,45980.0,19521829800
1623439800000,46000.0,43188.0,46000.0,45000.0,16035234872
1623526200000,46856.0,43235.0,44660.0,46851.0,70837469189
1623612600000,48057.0,45632.0,46851.0,47700.0,52099421008
1623699000000,48450.0,45000.0,48450.0,46800.0,21688443325
1623785400000,46850.0,44831.0,44861.0,46500.0,12856784088
1624044600000,47500.0,44280.0,44280.0,47000.0,15245131155
1624131000000,46970.0,44177.0,46970.0,45850.0,8875903105
1624217400000,47490.0,44328.0,45900.0,46470.0,21894746166
1624303800000,47479.0,45270.0,46600.0,46900.0,25888528464
1624390200000,47490.0,45376.0,47490.0,46999.0,19468983668
1624822200000,49000.0,44376.0,44376.0,48010.0,45488474279
1624908600000,49046.0,47360.0,49046.0,48500.0,64316815937
1624995000000,50592.0,48000.0,48480.0,50592.0,40588279423
1625254200000,52514.0,50000.0,51000.0,51365.0,12368184831
1625340600000,51490.0,48003.0,51490.0,49075.0,54001887245
1625427000000,50300.0,48100.0,49074.0,50000.0,103267770851
1626031800000,51000.0,51000.0,51000.0,51000.0,6147744000
1626118200000,50990.0,47210.0,50990.0,49640.0,39899608084
1626204600000,50499.0,47322.0,48452.0,49500.0,73424848902
1626463800000,50700.0,47510.0,50700.0,49800.0,21256135831
1626550200000,49900.0,47800.0,47800.0,48790.0,12157044422
1626636600000,48899.0,46948.0,48130.0,47980.0,21042956869
1627241400000,49924.0,48000.0,49924.0,49924.0,62327897830
1627327800000,50789.0,47420.0,49500.0,49925.0,13597832903
1627414200000,50750.0,48500.0,50500.0,50211.0,24319737120
1627673400000,51550.0,49500.0,50282.0,50000.0,18128618968
1627759800000,51100.0,48500.0,49900.0,50400.0,28541495086
1627846200000,52187.0,49200.0,49200.0,52187.0,66547852381
1627932600000,54714.0,51107.0,53970.0,54714.0,41896231335
1628019000000,55688.0,53664.0,55688.0,54000.0,28825968126
1628278200000,56200.0,52620.0,56200.0,54300.0,7851057869
1628364600000,54789.0,51520.0,54789.0,53128.0,12798117895
1628451000000,53290.0,51530.0,53106.0,52698.0,61305409423
1628537400000,53666.0,51551.0,52690.0,52470.0,25094136814
1628623800000,54990.0,52000.0,52000.0,54200.0,22219544188
1628883000000,56200.0,51151.0,54200.0,54855.0,24272835770
1628969400000,56500.0,53095.0,54860.0,55700.0,43350026350
1629574200000,57728.0,55050.0,55600.0,55960.0,53083575071
1629660600000,56900.0,53236.0,56900.0,54000.0,32432588876
1629747000000,55000.0,52541.0,54000.0,53860.0,22915759000
1629833400000,54888.0,51700.0,54888.0,52670.0,43763456651
1630092600000,55150.0,51701.0,53990.0,55145.0,35843829304
1630179000000,55400.0,51514.0,55400.0,54000.0,53573624698
1630265400000,54180.0,50647.0,53300.0,51712.0,38513926818
1630351800000,53158.0,49600.0,51000.0,50800.0,23857226647
1630438200000,53000.0,50600.0,52000.0,52940.0,14099014268
1630697400000,54271.0,52039.0,53155.0,54271.0,95406632768
1630783800000,56614.0,53200.0,54500.0,56614.0,63043291627
1630870200000,58765.0,56000.0,56990.0,57000.0,98062319951
1630956600000,58480.0,55465.0,57000.0,56632.0,30125751126
1631043000000,58346.0,55057.0,56999.0,57600.0,22597427412
1631302200000,56900.0,55000.0,56900.0,55800.0,13925248621
1631388600000,57500.0,53751.0,57380.0,54799.0,23281064880
1631475000000,55053.0,52640.0,54960.0,53690.0,5803378466
1631561400000,54920.0,52470.0,52470.0,53604.0,11495393587
1631647800000,54599.0,52601.0,54599.0,52932.0,4621492014
1631907000000,54599.0,52147.0,54599.0,52200.0,3445187830
1631993400000,53250.0,50840.0,52200.0,51557.0,9088657590
1632079800000,54289.0,50073.0,54289.0,51020.0,19701444022
1632166200000,52300.0,48937.0,52300.0,49950.0,10098339016
1632256200000,51919.0,48012.0,49876.0,50450.0,9858992788
1632515400000,52500.0,50001.0,51594.0,51755.0,7728869473
1632601800000,51818.0,49127.0,51818.0,49800.0,8471987036
1632774600000,52002.0,48900.0,51500.0,50484.0,11195830959
1632861000000,51630.0,49004.0,51500.0,50418.0,10691074487
1633120200000,52932.0,52000.0,52932.0,52932.0,27913823522
1633206600000,55571.0,53100.0,53100.0,55571.0,63824203287
1633293000000,56030.0,53501.0,55990.0,54006.0,30695379204
1633465800000,55630.0,52120.0,52700.0,54509.0,11895347150
1633725000000,55970.0,52803.0,55970.0,53869.0,46377832839
1633811400000,54510.0,52360.0,52360.0,54369.0,7899996645
1633897800000,55470.0,53350.0,54369.0,54520.0,7411138262
1633984200000,55458.0,52408.0,55458.0,53144.0,7283856109
1634070600000,53933.0,51991.0,52002.0,52099.0,13717405780
1634329800000,54880.0,52000.0,52000.0,54150.0,49768356246
1634416200000,54799.0,51866.0,52828.0,52000.0,10330320910
1634502600000,53500.0,50564.0,50564.0,52000.0,6250482255
1634589000000,53900.0,51534.0,51534.0,52997.0,16109562516
1634675400000,53000.0,50278.0,51350.0,52000.0,31397670514
1634934600000,51999.0,48801.0,50100.0,48801.0,11007521024
1635107400000,47722.0,47722.0,47722.0,47722.0,36267574672
1635193800000,48980.0,45336.0,45336.0,48000.0,30044638530
1635280200000,47610.0,44574.0,47610.0,47390.0,8932581422
1635539400000,47000.0,43966.0,45100.0,43966.0,7537021485
1635625800000,47000.0,43168.0,47000.0,45950.0,23436755758
1635712200000,47667.0,45430.0,46588.0,47667.0,12962433108
1635798600000,49250.0,47710.0,47710.0,49250.0,18383067971
1635885000000,51515.0,49270.0,51480.0,51500.0,14002526557
1636144200000,53058.0,52194.0,53000.0,53058.0,18752113107
1636230600000,55296.0,50600.0,55296.0,51860.0,25087993556
1636317000000,52980.0,50540.0,50540.0,51900.0,14058916141
1636403400000,52500.0,49801.0,51892.0,51752.0,10227527595
1636489800000,54004.0,51802.0,53000.0,54004.0,132401920469
1636749000000,51229.0,51229.0,51229.0,51229.0,27868371084
1636835400000,52980.0,48668.0,49770.0,50800.0,60170152057
1636921800000,51200.0,47771.0,49999.0,49500.0,15953773286
1637008200000,51480.0,49000.0,49000.0,50400.0,5898278185
1637094600000,52217.0,49743.0,51440.0,52217.0,87178230203
1637353800000,54443.0,52509.0,54443.0,53887.0,53000899299
1637440200000,56661.0,53000.0,55000.0,55180.0,62892433862
1637526600000,57380.0,52802.0,56806.0,57000.0,37404974423
1637613000000,58055.0,55504.0,58055.0,56050.0,15566506299
1637699400000,59163.0,54701.0,57600.0,58001.0,75974953278
1637958600000,59450.0,55459.0,57111.0,56800.0,36051828796
1638045000000,58000.0,55001.0,57999.0,56680.0,17514023661
1638131400000,58500.0,55561.0,58500.0,57056.0,8441285551
1638217800000,58000.0,54253.0,57109.0,55800.0,38321313387
1638304200000,56509.0,53610.0,55800.0,54399.0,3681828128
1638563400000,55400.0,52465.0,53300.0,52468.0,19243808168
1638649800000,54200.0,51800.0,51800.0,53170.0,8351464647
1638736200000,54069.0,51700.0,54069.0,52000.0,8657076303
1638822600000,52998.0,50177.0,52998.0,50803.0,12034316674
1638909000000,54371.0,50803.0,50803.0,53800.0,25511516063
1639168200000,55000.0,51016.0,53800.0,51090.0,11168313865
1639254600000,51800.0,50200.0,50200.0,51200.0,2463886814
1639341000000,52470.0,49894.0,50000.0,50983.0,16522066001
1639427400000,52450.0,49000.0,51850.0,51000.0,8471414181
1639513800000,52199.0,50110.0,51900.0,51009.0,4887479021
1639773000000,52989.0,51256.0,52180.0,51256.0,7107376694
1639859400000,53598.0,51650.0,53598.0,52300.0,11327062303
1639945800000,54400.0,51000.0,54400.0,53300.0,14115313264
1640032200000,53998.0,52255.0,53900.0,53300.0,10194361974
1640118600000,54292.0,52500.0,53329.0,53643.0,11509045698
